
#COORDINATES
GSM

#POSITION
0.0
0.0
 
#START
2019.000 9.000 2.000 2.000 8.000 0.000 0.000 0.000 0.324 0.196 -437.289 -2.066 11.231 26.904 404500.857
2019.000 9.000 2.000 2.000 9.000 0.000 0.000 0.000 0.766 0.259 -434.930 17.340 -14.274 26.983 335146.949
2019.000 9.000 2.000 2.000 10.000 0.000 0.000 0.000 -3.227 -1.102 -476.405 6.773 -25.766 27.547 459063.574
2019.000 9.000 2.000 2.000 11.000 0.000 0.000 0.000 1.523 0.072 -477.605 -18.138 13.143 27.888 449494.415
2019.000 9.000 2.000 2.000 12.000 0.000 0.000 0.000 -2.866 -0.582 -470.790 -19.668 29.637 25.873 459459.491
2019.000 9.000 2.000 2.000 13.000 0.000 0.000 0.000 -0.983 -0.813 -444.543 -0.288 -5.576 27.674 467357.510
2019.000 9.000 2.000 2.000 14.000 0.000 0.000 0.000 2.099 3.737 -448.009 6.901 -5.570 26.471 366406.782
2019.000 9.000 2.000 2.000 15.000 0.000 0.000 0.000 2.271 0.355 -428.249 2.771 -4.824 27.395 350800.116
2019.000 9.000 2.000 2.000 16.000 0.000 0.000 0.000 -2.751 -2.395 -446.846 9.817 10.319 27.441 371629.551
2019.000 9.000 2.000 2.000 17.000 0.000 0.000 0.000 -1.539 -2.556 -456.817 7.771 -16.835 27.139 416683.427
2019.000 9.000 2.000 2.000 18.000 0.000 0.000 0.000 0.706 -1.086 -426.706 -5.667 -16.377 26.704 388438.763
2019.000 9.000 2.000 2.000 19.000 0.000 0.000 0.000 1.398 -2.020 -433.847 18.569 -11.295 27.335 270253.591
2019.000 9.000 2.000 2.000 20.000 0.000 0.000 0.000 -0.050 0.947 -440.632 26.657 -23.031 27.655 423907.590
2019.000 9.000 2.000 2.000 21.000 0.000 0.000 0.000 -3.639 0.237 -480.259 8.205 -20.876 27.277 362492.529
2019.000 9.000 2.000 2.000 22.000 0.000 0.000 0.000 1.869 -0.881 -443.631 -8.107 2.080 27.815 377331.095
2019.000 9.000 2.000 2.000 23.000 0.000 0.000 0.000 1.055 1.848 -440.744 -7.333 4.536 27.713 418727.111
2019.000 9.000 2.000 2.000 24.000 0.000 0.000 0.000 1.183 0.709 -450.733 -4.221 -7.526 27.278 504618.688
2019.000 9.000 2.000 2.000 25.000 0.000 0.000 0.000 1.961 -0.538 -476.436 -11.078 30.958 27.645 475205.608
2019.000 9.000 2.000 2.000 26.000 0.000 0.000 0.000 0.133 -1.226 -469.684 -14.101 8.902 26.915 523401.982
2019.000 9.000 2.000 2.000 27.000 0.000 0.000 0.000 -0.238 0.776 -462.183 9.361 -12.686 26.920 395762.421
2019.000 9.000 2.000 2.000 28.000 0.000 0.000 0.000 0.568 -0.346 -453.463 4.990 -6.516 26.723 319476.822
2019.000 9.000 2.000 2.000 29.000 0.000 0.000 0.000 0.358 -2.488 -455.030 8.855 -5.741 26.703 422865.721
2019.000 9.000 2.000 2.000 30.000 0.000 0.000 0.000 0.106 1.048 -460.924 3.095 32.751 26.373 443271.066
2019.000 9.000 2.000 2.000 31.000 0.000 0.000 0.000 1.934 0.205 -445.409 -7.830 4.893 28.205 374478.225
2019.000 9.000 2.000 2.000 32.000 0.000 0.000 0.000 2.034 -1.021 -442.781 -4.175 23.464 27.017 507606.978
2019.000 9.000 2.000 2.000 33.000 0.000 0.000 0.000 -2.849 0.086 -460.938 -11.643 11.358 27.499 448257.113
2019.000 9.000 2.000 2.000 34.000 0.000 0.000 0.000 -2.973 0.015 -463.955 17.788 -1.073 27.426 498303.098
2019.000 9.000 2.000 2.000 35.000 0.000 0.000 0.000 0.212 -1.838 -448.240 8.023 0.630 25.836 357701.444
2019.000 9.000 2.000 2.000 36.000 0.000 0.000 0.000 -1.285 -1.115 -468.068 -2.654 -7.748 27.187 349007.895
2019.000 9.000 2.000 2.000 37.000 0.000 0.000 0.000 -1.417 1.728 -445.947 1.638 -5.743 26.688 362775.167
2019.000 9.000 2.000 2.000 38.000 0.000 0.000 0.000 -1.390 0.793 -449.560 -7.036 -6.393 27.175 421367.009
2019.000 9.000 2.000 2.000 39.000 0.000 0.000 0.000 2.293 0.166 -460.457 -10.407 0.656 27.570 287063.964
2019.000 9.000 2.000 2.000 40.000 0.000 0.000 0.000 -0.421 -0.052 -444.943 25.682 -13.082 27.929 393629.290
2019.000 9.000 2.000 2.000 41.000 0.000 0.000 0.000 -2.783 -0.415 -448.526 -24.334 11.130 26.930 455665.318
2019.000 9.000 2.000 2.000 42.000 0.000 0.000 0.000 0.071 2.014 -432.637 48.122 0.372 27.202 340181.682
2019.000 9.000 2.000 2.000 43.000 0.000 0.000 0.000 -0.064 0.022 -451.010 -2.153 -4.339 25.834 497619.666
2019.000 9.000 2.000 2.000 44.000 0.000 0.000 0.000 -2.464 -0.389 -497.018 2.411 9.768 27.933 457206.506
2019.000 9.000 2.000 2.000 45.000 0.000 0.000 0.000 1.898 -0.101 -437.377 19.125 -9.418 26.461 353475.021
2019.000 9.000 2.000 2.000 46.000 0.000 0.000 0.000 -0.824 -0.845 -442.093 -9.986 3.824 27.402 324934.239
2019.000 9.000 2.000 2.000 47.000 0.000 0.000 0.000 2.220 0.494 -465.625 -3.777 5.487 28.653 379830.913
2019.000 9.000 2.000 2.000 48.000 0.000 0.000 0.000 1.291 -1.078 -452.575 5.425 -12.596 27.049 417444.204
2019.000 9.000 2.000 2.000 49.000 0.000 0.000 0.000 -2.196 1.376 -451.036 43.494 24.367 26.583 465378.669
2019.000 9.000 2.000 2.000 50.000 0.000 0.000 0.000 1.996 -1.789 -465.037 -9.261 10.350 26.802 397654.073
2019.000 9.000 2.000 2.000 51.000 0.000 0.000 0.000 -0.241 1.467 -455.258 20.179 23.139 26.903 451108.125
2019.000 9.000 2.000 2.000 52.000 0.000 0.000 0.000 -1.217 -1.587 -474.474 8.052 -5.231 26.301 393854.556
2019.000 9.000 2.000 2.000 53.000 0.000 0.000 0.000 -2.583 0.072 -443.019 -17.938 0.546 27.731 363116.758
2019.000 9.000 2.000 2.000 54.000 0.000 0.000 0.000 -1.530 -1.924 -429.448 3.560 -11.335 28.513 335511.516
2019.000 9.000 2.000 2.000 55.000 0.000 0.000 0.000 -0.250 0.410 -457.289 12.924 31.261 26.904 385004.912
2019.000 9.000 2.000 2.000 56.000 0.000 0.000 0.000 -0.907 2.136 -428.955 -1.263 -3.249 27.292 374352.952
2019.000 9.000 2.000 2.000 57.000 0.000 0.000 0.000 -1.274 0.304 -463.592 -13.336 -3.865 27.101 497422.135
2019.000 9.000 2.000 2.000 58.000 0.000 0.000 0.000 -1.893 2.161 -454.629 8.124 14.957 27.860 518513.977
2019.000 9.000 2.000 2.000 59.000 0.000 0.000 0.000 -1.506 1.100 -463.650 22.277 -17.480 27.484 378907.577
2019.000 9.000 2.000 3.000 0.000 0.000 0.000 0.000 1.381 -0.890 -458.340 -19.722 0.422 26.500 480953.800
2019.000 9.000 2.000 3.000 1.000 0.000 0.000 0.000 -0.173 -1.659 -458.957 -4.292 -31.697 25.956 379215.320
2019.000 9.000 2.000 3.000 2.000 0.000 0.000 0.000 -0.029 4.041 -460.405 -8.575 -19.406 27.412 351839.883
2019.000 9.000 2.000 3.000 3.000 0.000 0.000 0.000 -0.268 0.032 -442.686 -2.143 -3.649 26.655 287531.933
2019.000 9.000 2.000 3.000 4.000 0.000 0.000 0.000 1.353 -2.241 -439.635 -23.616 -32.624 26.941 479978.436
2019.000 9.000 2.000 3.000 5.000 0.000 0.000 0.000 -1.539 2.558 -462.567 -17.136 -5.458 27.042 485639.866
2019.000 9.000 2.000 3.000 6.000 0.000 0.000 0.000 1.660 0.927 -455.229 -18.943 -10.209 26.810 550426.859
2019.000 9.000 2.000 3.000 7.000 0.000 0.000 0.000 2.219 2.134 -466.284 -23.207 27.040 25.799 245585.086
2019.000 9.000 2.000 3.000 8.000 0.000 0.000 0.000 0.220 -1.365 -452.214 3.836 -3.532 27.480 437037.721
2019.000 9.000 2.000 3.000 9.000 0.000 0.000 0.000 0.297 -2.871 -427.623 -28.672 3.005 28.083 543077.149
2019.000 9.000 2.000 3.000 10.000 0.000 0.000 0.000 -1.344 1.140 -447.901 3.188 11.156 26.041 386213.509
2019.000 9.000 2.000 3.000 11.000 0.000 0.000 0.000 1.090 1.666 -475.763 15.243 -13.439 25.922 372770.676
2019.000 9.000 2.000 3.000 12.000 0.000 0.000 0.000 -0.410 -2.927 -468.057 -10.067 1.073 27.984 365410.617
2019.000 9.000 2.000 3.000 13.000 0.000 0.000 0.000 -1.026 1.649 -464.700 -13.548 26.588 26.599 275573.876
2019.000 9.000 2.000 3.000 14.000 0.000 0.000 0.000 -0.419 -1.849 -488.900 2.634 -9.638 27.586 365069.187
2019.000 9.000 2.000 3.000 15.000 0.000 0.000 0.000 0.384 -1.210 -465.143 -1.691 26.381 27.549 453595.240
2019.000 9.000 2.000 3.000 16.000 0.000 0.000 0.000 2.158 3.082 -449.431 -10.872 1.961 27.079 425814.307
2019.000 9.000 2.000 3.000 17.000 0.000 0.000 0.000 0.189 -1.222 -467.096 -22.859 15.704 27.687 484107.275
2019.000 9.000 2.000 3.000 18.000 0.000 0.000 0.000 -0.276 -0.469 -449.029 3.723 1.638 27.047 429116.760
2019.000 9.000 2.000 3.000 19.000 0.000 0.000 0.000 0.181 -0.519 -432.856 42.941 20.188 26.736 445882.652
2019.000 9.000 2.000 3.000 20.000 0.000 0.000 0.000 0.717 1.460 -451.123 -14.739 -0.577 27.516 369650.502
2019.000 9.000 2.000 3.000 21.000 0.000 0.000 0.000 -0.723 0.034 -437.843 -36.247 -16.003 27.246 324357.086
2019.000 9.000 2.000 3.000 22.000 0.000 0.000 0.000 2.166 -2.830 -426.632 -6.125 -8.986 26.667 357418.728
2019.000 9.000 2.000 3.000 23.000 0.000 0.000 0.000 -0.523 -0.735 -412.936 8.714 21.933 27.623 426044.073
2019.000 9.000 2.000 3.000 24.000 0.000 0.000 0.000 0.058 1.933 -457.096 22.679 -15.425 27.183 424477.255
2019.000 9.000 2.000 3.000 25.000 0.000 0.000 0.000 -1.816 -0.693 -468.707 0.211 12.386 27.906 430683.262
2019.000 9.000 2.000 3.000 26.000 0.000 0.000 0.000 0.435 0.311 -458.481 8.712 -19.713 26.908 391711.418
2019.000 9.000 2.000 3.000 27.000 0.000 0.000 0.000 2.743 -2.441 -456.951 -10.821 10.366 27.395 495524.974
2019.000 9.000 2.000 3.000 28.000 0.000 0.000 0.000 1.247 1.520 -477.783 -7.277 -1.845 28.338 519082.581
2019.000 9.000 2.000 3.000 29.000 0.000 0.000 0.000 -1.794 -1.876 -471.070 2.210 -24.338 27.666 314053.850
2019.000 9.000 2.000 3.000 30.000 0.000 0.000 0.000 1.304 2.005 -459.788 14.131 -6.239 26.537 450987.504
2019.000 9.000 2.000 3.000 31.000 0.000 0.000 0.000 1.594 0.733 -428.784 15.060 -9.558 27.168 437348.766
2019.000 9.000 2.000 3.000 32.000 0.000 0.000 0.000 -0.860 -0.076 -476.905 0.430 -10.100 27.792 363934.900
2019.000 9.000 2.000 3.000 33.000 0.000 0.000 0.000 -1.167 -0.260 -445.498 -39.962 40.735 25.942 498743.837
2019.000 9.000 2.000 3.000 34.000 0.000 0.000 0.000 -2.497 -0.580 -461.023 1.217 -11.413 27.781 379284.361
2019.000 9.000 2.000 3.000 35.000 0.000 0.000 0.000 1.062 -0.383 -455.681 -15.811 -3.601 26.974 439014.545
2019.000 9.000 2.000 3.000 36.000 0.000 0.000 0.000 -1.857 3.014 -455.520 -4.786 13.284 27.544 444265.532
2019.000 9.000 2.000 3.000 37.000 0.000 0.000 0.000 0.127 -0.397 -455.616 8.530 19.276 28.024 361942.566
2019.000 9.000 2.000 3.000 38.000 0.000 0.000 0.000 4.191 1.656 -440.214 -3.992 7.596 26.725 318476.858
2019.000 9.000 2.000 3.000 39.000 0.000 0.000 0.000 0.617 2.553 -441.704 22.172 -14.346 27.191 412179.064
2019.000 9.000 2.000 3.000 40.000 0.000 0.000 0.000 0.674 -0.772 -425.631 -14.347 -6.365 26.358 265650.789
2019.000 9.000 2.000 3.000 41.000 0.000 0.000 0.000 1.440 -1.831 -455.498 15.458 -4.569 27.175 393175.076
2019.000 9.000 2.000 3.000 42.000 0.000 0.000 0.000 -0.606 1.505 -469.013 -2.184 18.693 26.622 447250.862
2019.000 9.000 2.000 3.000 43.000 0.000 0.000 0.000 -0.028 -1.420 -451.163 -2.595 11.849 27.249 343299.498
2019.000 9.000 2.000 3.000 44.000 0.000 0.000 0.000 3.200 -0.053 -469.940 -29.036 3.222 26.601 422752.499
2019.000 9.000 2.000 3.000 45.000 0.000 0.000 0.000 2.807 -1.014 -446.366 21.867 12.970 27.765 303702.454
2019.000 9.000 2.000 3.000 46.000 0.000 0.000 0.000 -1.349 0.730 -450.804 11.318 -4.537 26.494 408266.223
2019.000 9.000 2.000 3.000 47.000 0.000 0.000 0.000 0.569 2.707 -482.776 26.637 7.119 27.398 471640.767
2019.000 9.000 2.000 3.000 48.000 0.000 0.000 0.000 -0.101 -0.909 -469.899 7.632 11.979 27.443 361967.709
2019.000 9.000 2.000 3.000 49.000 0.000 0.000 0.000 -0.616 0.427 -452.008 7.720 -25.138 26.276 312846.161
2019.000 9.000 2.000 3.000 50.000 0.000 0.000 0.000 1.310 -2.412 -466.290 8.043 20.381 27.314 331264.904
2019.000 9.000 2.000 3.000 51.000 0.000 0.000 0.000 1.279 1.814 -439.604 5.652 -0.017 27.327 317626.989
2019.000 9.000 2.000 3.000 52.000 0.000 0.000 0.000 -0.695 1.429 -452.754 -2.272 -17.008 27.800 404909.271
2019.000 9.000 2.000 3.000 53.000 0.000 0.000 0.000 -0.619 -0.495 -452.539 -0.924 6.834 27.419 381545.516
2019.000 9.000 2.000 3.000 54.000 0.000 0.000 0.000 1.826 -0.433 -451.398 -6.657 4.342 27.743 361688.376
2019.000 9.000 2.000 3.000 55.000 0.000 0.000 0.000 1.449 -2.775 -446.737 -17.462 -22.324 26.551 414344.458
2019.000 9.000 2.000 3.000 56.000 0.000 0.000 0.000 -0.297 2.207 -439.700 -19.287 -22.290 27.368 317411.449
2019.000 9.000 2.000 3.000 57.000 0.000 0.000 0.000 -1.273 1.250 -447.490 18.884 1.143 26.609 397616.383
2019.000 9.000 2.000 3.000 58.000 0.000 0.000 0.000 -1.249 -1.246 -455.561 0.818 -14.548 26.359 388972.000
2019.000 9.000 2.000 3.000 59.000 0.000 0.000 0.000 2.341 0.688 -460.402 -10.749 2.734 27.984 290042.092
2019.000 9.000 2.000 4.000 0.000 0.000 0.000 0.000 0.384 -0.174 -450.257 -25.945 -14.140 27.339 570527.573
2019.000 9.000 2.000 4.000 1.000 0.000 0.000 0.000 0.543 0.789 -473.340 -25.161 3.240 27.329 430131.185
2019.000 9.000 2.000 4.000 2.000 0.000 0.000 0.000 -0.100 -1.508 -432.791 -15.051 0.589 26.993 300256.363
2019.000 9.000 2.000 4.000 3.000 0.000 0.000 0.000 -1.386 -0.315 -453.790 -1.415 -24.880 27.428 313462.260
2019.000 9.000 2.000 4.000 4.000 0.000 0.000 0.000 0.876 -0.176 -434.002 -8.079 2.304 26.989 291987.684
2019.000 9.000 2.000 4.000 5.000 0.000 0.000 0.000 0.972 -3.432 -458.077 14.987 -3.443 26.661 445801.547
2019.000 9.000 2.000 4.000 6.000 0.000 0.000 0.000 0.568 -1.154 -445.022 3.787 3.683 26.681 379553.863
2019.000 9.000 2.000 4.000 7.000 0.000 0.000 0.000 -1.222 1.367 -436.018 -3.870 -5.625 27.111 475840.618
2019.000 9.000 2.000 4.000 8.000 0.000 0.000 0.000 0.402 -1.547 -442.986 -10.603 17.902 26.649 292965.251
2019.000 9.000 2.000 4.000 9.000 0.000 0.000 0.000 1.739 -1.134 -448.493 11.407 21.258 27.680 407845.741
2019.000 9.000 2.000 4.000 10.000 0.000 0.000 0.000 -0.391 -1.290 -439.984 -18.246 8.818 26.967 414272.412
2019.000 9.000 2.000 4.000 11.000 0.000 0.000 0.000 -1.914 -0.403 -456.252 11.594 -7.707 27.440 378057.844
2019.000 9.000 2.000 4.000 12.000 0.000 0.000 0.000 -0.766 1.686 -464.663 9.978 7.332 25.448 389310.421
2019.000 9.000 2.000 4.000 13.000 0.000 0.000 0.000 1.774 -2.713 -466.160 11.901 18.579 27.004 456592.552
2019.000 9.000 2.000 4.000 14.000 0.000 0.000 0.000 -0.219 2.105 -460.141 -28.272 -17.864 27.674 452698.567
2019.000 9.000 2.000 4.000 15.000 0.000 0.000 0.000 -2.095 0.110 -446.102 10.235 1.677 27.513 290503.731
2019.000 9.000 2.000 4.000 16.000 0.000 0.000 0.000 1.827 -0.607 -450.183 23.347 11.399 27.884 441108.703
2019.000 9.000 2.000 4.000 17.000 0.000 0.000 0.000 -0.995 1.205 -448.154 18.614 24.926 26.642 393405.086
2019.000 9.000 2.000 4.000 18.000 0.000 0.000 0.000 -1.391 0.975 -456.527 -14.203 -8.683 26.983 342279.240
2019.000 9.000 2.000 4.000 19.000 0.000 0.000 0.000 0.063 -0.189 -449.706 2.862 -10.629 27.484 367387.709
2019.000 9.000 2.000 4.000 20.000 0.000 0.000 0.000 1.322 -0.513 -433.940 15.786 -8.960 27.361 334491.211
2019.000 9.000 2.000 4.000 21.000 0.000 0.000 0.000 1.554 -1.971 -470.756 -6.116 15.969 26.725 327976.088
2019.000 9.000 2.000 4.000 22.000 0.000 0.000 0.000 -0.297 -0.257 -461.182 9.233 10.077 25.920 366515.280
2019.000 9.000 2.000 4.000 23.000 0.000 0.000 0.000 -1.069 0.686 -455.047 -10.528 -3.857 26.949 324411.876
2019.000 9.000 2.000 4.000 24.000 0.000 0.000 0.000 0.048 1.717 -467.524 -36.476 0.185 26.633 397694.185
2019.000 9.000 2.000 4.000 25.000 0.000 0.000 0.000 -2.300 3.336 -450.740 4.713 0.789 27.789 324037.409
2019.000 9.000 2.000 4.000 26.000 0.000 0.000 0.000 0.964 1.511 -446.013 7.490 -10.692 26.681 507265.149
2019.000 9.000 2.000 4.000 27.000 0.000 0.000 0.000 -0.710 -1.278 -466.607 1.318 31.883 27.299 463116.127
2019.000 9.000 2.000 4.000 28.000 0.000 0.000 0.000 -0.319 -2.447 -450.223 35.032 6.300 27.069 396650.503
2019.000 9.000 2.000 4.000 29.000 0.000 0.000 0.000 0.834 -1.431 -482.175 26.402 4.333 26.415 325827.427
2019.000 9.000 2.000 4.000 30.000 0.000 0.000 0.000 -1.867 -0.766 -454.305 -7.364 -0.401 26.594 331481.854
2019.000 9.000 2.000 4.000 31.000 0.000 0.000 0.000 -1.033 -0.964 -456.228 -25.238 -3.953 27.562 321095.916
2019.000 9.000 2.000 4.000 32.000 0.000 0.000 0.000 0.938 -0.246 -464.310 -10.798 -21.150 26.939 471331.670
2019.000 9.000 2.000 4.000 33.000 0.000 0.000 0.000 0.928 -0.117 -481.930 -24.530 23.411 26.548 430181.553
2019.000 9.000 2.000 4.000 34.000 0.000 0.000 0.000 0.549 0.505 -453.867 -11.634 20.531 28.025 488482.866
2019.000 9.000 2.000 4.000 35.000 0.000 0.000 0.000 1.566 0.247 -432.439 22.450 16.533 27.923 392390.200
2019.000 9.000 2.000 4.000 36.000 0.000 0.000 0.000 -1.667 -3.027 -445.366 -0.302 -8.452 27.558 325799.228
2019.000 9.000 2.000 4.000 37.000 0.000 0.000 0.000 -0.237 2.073 -463.575 12.316 11.042 27.010 363753.703
2019.000 9.000 2.000 4.000 38.000 0.000 0.000 0.000 -0.161 1.277 -449.998 26.357 4.782 27.162 330079.262
2019.000 9.000 2.000 4.000 39.000 0.000 0.000 0.000 -1.374 -1.867 -466.857 -7.494 9.792 27.321 451423.463
2019.000 9.000 2.000 4.000 40.000 0.000 0.000 0.000 -0.194 -1.192 -442.753 -11.351 -6.092 25.860 331000.489
2019.000 9.000 2.000 4.000 41.000 0.000 0.000 0.000 -0.864 1.644 -469.661 -6.182 -21.204 27.769 271615.585
2019.000 9.000 2.000 4.000 42.000 0.000 0.000 0.000 -0.803 -0.664 -440.040 5.957 -7.124 26.805 427766.647
2019.000 9.000 2.000 4.000 43.000 0.000 0.000 0.000 2.355 -0.056 -448.456 -22.682 -0.876 26.213 310697.516
2019.000 9.000 2.000 4.000 44.000 0.000 0.000 0.000 2.099 -0.967 -424.327 2.119 16.444 28.585 319764.359
2019.000 9.000 2.000 4.000 45.000 0.000 0.000 0.000 0.142 -1.295 -431.209 -2.950 32.084 28.350 393374.999
2019.000 9.000 2.000 4.000 46.000 0.000 0.000 0.000 -0.067 -1.548 -449.706 -2.737 16.204 26.980 388716.469
2019.000 9.000 2.000 4.000 47.000 0.000 0.000 0.000 -1.316 -1.543 -516.460 17.786 -16.656 28.034 616144.141
2019.000 9.000 2.000 4.000 48.000 0.000 0.000 0.000 -0.957 -1.884 -541.890 14.777 -7.482 29.393 572842.261
2019.000 9.000 2.000 4.000 49.000 0.000 0.000 0.000 0.011 -5.728 -591.340 -8.735 -5.650 31.197 786540.550
2019.000 9.000 2.000 4.000 50.000 0.000 0.000 0.000 2.101 -11.155 -643.399 -8.112 12.550 32.721 836623.374
2019.000 9.000 2.000 4.000 51.000 0.000 0.000 0.000 1.479 -9.975 -582.781 -35.642 6.954 32.128 797275.534
2019.000 9.000 2.000 4.000 52.000 0.000 0.000 0.000 -1.264 -8.520 -595.502 -12.713 12.214 32.222 731532.075
2019.000 9.000 2.000 4.000 53.000 0.000 0.000 0.000 1.711 -10.914 -586.180 -10.198 1.794 31.081 772170.666
2019.000 9.000 2.000 4.000 54.000 0.000 0.000 0.000 -1.192 -8.639 -575.868 16.405 -18.546 32.136 734109.289
2019.000 9.000 2.000 4.000 55.000 0.000 0.000 0.000 1.569 -7.499 -597.305 3.949 -2.560 31.381 793866.331
2019.000 9.000 2.000 4.000 56.000 0.000 0.000 0.000 -0.064 -7.773 -598.090 2.166 1.799 33.130 790850.149
2019.000 9.000 2.000 4.000 57.000 0.000 0.000 0.000 0.214 -7.764 -598.075 -14.296 -11.625 32.619 839567.290
2019.000 9.000 2.000 4.000 58.000 0.000 0.000 0.000 1.277 -10.562 -631.089 13.547 11.947 32.658 926742.167
2019.000 9.000 2.000 4.000 59.000 0.000 0.000 0.000 -0.360 -9.142 -613.781 8.178 -0.802 31.321 858732.779
2019.000 9.000 2.000 5.000 0.000 0.000 0.000 0.000 -0.260 -9.316 -614.141 -2.433 3.993 33.756 850030.566
2019.000 9.000 2.000 5.000 1.000 0.000 0.000 0.000 -0.397 -8.203 -613.497 11.231 -19.306 32.411 821078.163
2019.000 9.000 2.000 5.000 2.000 0.000 0.000 0.000 -0.034 -9.869 -636.123 11.436 8.270 33.009 852013.302
2019.000 9.000 2.000 5.000 3.000 0.000 0.000 0.000 3.699 -9.719 -642.692 14.061 -0.540 33.767 871348.104
2019.000 9.000 2.000 5.000 4.000 0.000 0.000 0.000 2.135 -7.865 -635.652 1.645 9.484 32.710 854041.307
2019.000 9.000 2.000 5.000 5.000 0.000 0.000 0.000 1.664 -10.024 -650.508 -0.093 6.920 33.046 955979.524
2019.000 9.000 2.000 5.000 6.000 0.000 0.000 0.000 0.255 -8.746 -656.612 4.422 13.545 32.636 1000260.380
2019.000 9.000 2.000 5.000 7.000 0.000 0.000 0.000 0.924 -7.762 -623.789 32.782 2.763 33.071 861019.610
2019.000 9.000 2.000 5.000 8.000 0.000 0.000 0.000 -1.460 -12.204 -648.337 8.509 4.238 32.777 820046.056
2019.000 9.000 2.000 5.000 9.000 0.000 0.000 0.000 1.204 -10.985 -655.364 -6.386 -7.215 32.860 845813.466
2019.000 9.000 2.000 5.000 10.000 0.000 0.000 0.000 -0.250 -10.803 -649.394 -15.182 12.803 32.901 719632.079
2019.000 9.000 2.000 5.000 11.000 0.000 0.000 0.000 0.511 -12.032 -648.002 18.634 -8.876 33.179 971004.197
2019.000 9.000 2.000 5.000 12.000 0.000 0.000 0.000 -0.560 -10.024 -655.554 -21.705 17.649 32.196 1013899.436
2019.000 9.000 2.000 5.000 13.000 0.000 0.000 0.000 -0.355 -10.449 -651.759 17.783 -19.914 34.656 961820.105
2019.000 9.000 2.000 5.000 14.000 0.000 0.000 0.000 1.143 -12.122 -677.232 -14.464 -22.372 32.880 872364.502
2019.000 9.000 2.000 5.000 15.000 0.000 0.000 0.000 -1.652 -13.449 -652.872 -17.568 -33.805 34.399 905878.173
2019.000 9.000 2.000 5.000 16.000 0.000 0.000 0.000 -2.723 -10.868 -668.331 2.518 -2.660 34.169 959577.511
2019.000 9.000 2.000 5.000 17.000 0.000 0.000 0.000 -1.159 -12.453 -636.262 -21.617 -3.723 34.227 910242.197
2019.000 9.000 2.000 5.000 18.000 0.000 0.000 0.000 -1.046 -13.489 -666.931 26.408 -11.463 34.241 974641.175
2019.000 9.000 2.000 5.000 19.000 0.000 0.000 0.000 -0.948 -15.412 -700.967 38.281 7.118 33.463 1109754.979
2019.000 9.000 2.000 5.000 20.000 0.000 0.000 0.000 -1.289 -13.181 -665.485 -27.270 6.978 34.778 1061889.102
2019.000 9.000 2.000 5.000 21.000 0.000 0.000 0.000 1.243 -15.866 -681.760 -3.643 1.377 34.470 1154071.612
2019.000 9.000 2.000 5.000 22.000 0.000 0.000 0.000 2.473 -11.506 -665.552 1.473 -32.086 34.558 1047391.935
2019.000 9.000 2.000 5.000 23.000 0.000 0.000 0.000 0.138 -14.816 -667.939 19.549 -4.503 35.133 1056301.172
2019.000 9.000 2.000 5.000 24.000 0.000 0.000 0.000 0.937 -12.560 -686.075 -8.755 15.896 33.688 988561.845
2019.000 9.000 2.000 5.000 25.000 0.000 0.000 0.000 -0.343 -13.691 -666.816 -8.222 3.488 34.939 922789.315
2019.000 9.000 2.000 5.000 26.000 0.000 0.000 0.000 -0.860 -12.549 -685.766 11.339 -5.010 34.945 1173815.152
2019.000 9.000 2.000 5.000 27.000 0.000 0.000 0.000 -0.778 -13.434 -710.651 -16.796 0.165 34.557 1081825.611
2019.000 9.000 2.000 5.000 28.000 0.000 0.000 0.000 -1.636 -19.283 -752.323 8.396 -15.378 36.388 1232639.139
2019.000 9.000 2.000 5.000 29.000 0.000 0.000 0.000 -2.262 -20.070 -776.392 11.506 3.343 37.408 1178694.524
2019.000 9.000 2.000 5.000 30.000 0.000 0.000 0.000 -0.760 -21.454 -848.058 15.187 4.951 39.145 1559972.194
2019.000 9.000 2.000 5.000 31.000 0.000 0.000 0.000 0.018 -20.867 -837.449 -16.996 -10.399 40.000 1539691.039
2019.000 9.000 2.000 5.000 32.000 0.000 0.000 0.000 -1.607 -24.467 -895.939 16.622 11.905 41.273 1696276.371
2019.000 9.000 2.000 5.000 33.000 0.000 0.000 0.000 0.819 -28.416 -937.668 -17.355 7.590 42.992 1698498.582
2019.000 9.000 2.000 5.000 34.000 0.000 0.000 0.000 2.430 -27.990 -954.303 -8.768 -0.120 43.096 1811564.915
2019.000 9.000 2.000 5.000 35.000 0.000 0.000 0.000 2.384 -29.495 -988.728 6.289 -4.853 44.375 1925968.046
2019.000 9.000 2.000 5.000 36.000 0.000 0.000 0.000 0.043 -32.632 -1011.476 -22.315 1.690 45.444 1920692.725
2019.000 9.000 2.000 5.000 37.000 0.000 0.000 0.000 2.998 -33.604 -1006.800 -14.913 -7.000 45.457 1989503.983
2019.000 9.000 2.000 5.000 38.000 0.000 0.000 0.000 0.143 -33.737 -1067.148 -18.103 0.609 46.706 2013539.575
2019.000 9.000 2.000 5.000 39.000 0.000 0.000 0.000 1.620 -36.225 -1061.093 -4.613 5.508 46.687 2050586.984
2019.000 9.000 2.000 5.000 40.000 0.000 0.000 0.000 1.881 -35.303 -1091.132 1.408 0.194 48.255 2107460.037
2019.000 9.000 2.000 5.000 41.000 0.000 0.000 0.000 1.305 -35.259 -1120.680 -3.966 3.896 48.336 2291262.634
2019.000 9.000 2.000 5.000 42.000 0.000 0.000 0.000 -0.843 -41.219 -1139.547 1.547 -8.853 48.881 2296453.316
2019.000 9.000 2.000 5.000 43.000 0.000 0.000 0.000 -0.941 -40.659 -1161.787 -8.219 29.301 51.617 2336604.950
2019.000 9.000 2.000 5.000 44.000 0.000 0.000 0.000 0.204 -40.784 -1192.723 -3.798 -29.634 51.500 2497306.663
2019.000 9.000 2.000 5.000 45.000 0.000 0.000 0.000 -0.463 -44.381 -1188.143 -16.674 -6.161 51.766 2526986.783
2019.000 9.000 2.000 5.000 46.000 0.000 0.000 0.000 -1.021 -44.869 -1238.689 13.706 23.251 53.474 2465624.252
2019.000 9.000 2.000 5.000 47.000 0.000 0.000 0.000 0.295 -48.887 -1265.069 5.781 3.714 54.786 2658936.349
2019.000 9.000 2.000 5.000 48.000 0.000 0.000 0.000 2.672 -52.219 -1267.766 2.373 -15.329 54.769 2756146.125
2019.000 9.000 2.000 5.000 49.000 0.000 0.000 0.000 0.189 -49.906 -1333.768 -20.357 -6.603 55.337 2745021.434
2019.000 9.000 2.000 5.000 50.000 0.000 0.000 0.000 -2.326 -50.231 -1342.763 -10.357 0.666 57.259 2963740.752
2019.000 9.000 2.000 5.000 51.000 0.000 0.000 0.000 -0.753 -53.980 -1391.251 7.763 20.374 57.873 2933648.378
2019.000 9.000 2.000 5.000 52.000 0.000 0.000 0.000 -0.823 -54.536 -1423.828 -17.070 -11.573 58.315 3082316.989
2019.000 9.000 2.000 5.000 53.000 0.000 0.000 0.000 0.513 -55.793 -1434.009 3.413 -10.508 59.974 3172970.140
2019.000 9.000 2.000 5.000 54.000 0.000 0.000 0.000 1.356 -58.217 -1486.256 -15.290 -5.773 60.350 3234741.238
2019.000 9.000 2.000 5.000 55.000 0.000 0.000 0.000 -1.271 -59.691 -1493.372 -2.263 -13.865 61.901 3314740.393
2019.000 9.000 2.000 5.000 56.000 0.000 0.000 0.000 1.630 -63.651 -1525.312 6.667 -10.918 63.653 3403087.252
2019.000 9.000 2.000 5.000 57.000 0.000 0.000 0.000 0.403 -64.155 -1561.131 -9.544 -18.417 64.198 3430992.528
2019.000 9.000 2.000 5.000 58.000 0.000 0.000 0.000 0.049 -63.714 -1598.957 -15.736 -23.014 65.802 3484207.841
2019.000 9.000 2.000 5.000 59.000 0.000 0.000 0.000 -2.796 -67.111 -1622.225 -13.345 20.697 66.109 3610272.639
2019.000 9.000 2.000 6.000 0.000 0.000 0.000 0.000 0.515 -65.496 -1648.571 -13.235 1.112 66.543 3620919.866
2019.000 9.000 2.000 6.000 1.000 0.000 0.000 0.000 -1.291 -70.107 -1670.722 7.707 0.546 67.088 3714602.074
2019.000 9.000 2.000 6.000 2.000 0.000 0.000 0.000 2.473 -71.509 -1727.398 -3.318 6.580 67.883 3771622.490
2019.000 9.000 2.000 6.000 3.000 0.000 0.000 0.000 -0.607 -71.839 -1739.030 -4.120 -13.326 69.241 4022107.689
2019.000 9.000 2.000 6.000 4.000 0.000 0.000 0.000 0.861 -76.373 -1754.109 2.021 13.056 70.572 3968285.854
2019.000 9.000 2.000 6.000 5.000 0.000 0.000 0.000 1.862 -75.333 -1795.059 6.106 10.349 71.230 4130626.576
2019.000 9.000 2.000 6.000 6.000 0.000 0.000 0.000 0.050 -77.182 -1828.169 3.589 -1.041 72.587 4136965.301
2019.000 9.000 2.000 6.000 7.000 0.000 0.000 0.000 0.258 -81.657 -1835.821 3.582 4.950 74.518 4370182.012
2019.000 9.000 2.000 6.000 8.000 0.000 0.000 0.000 -2.228 -82.530 -1865.329 6.934 -30.306 75.160 4390168.914
2019.000 9.000 2.000 6.000 9.000 0.000 0.000 0.000 -1.789 -82.322 -1903.405 14.933 4.403 75.004 4455844.896
2019.000 9.000 2.000 6.000 10.000 0.000 0.000 0.000 1.104 -86.474 -1938.498 -1.313 -8.355 76.229 4638331.497
2019.000 9.000 2.000 6.000 11.000 0.000 0.000 0.000 1.400 -87.274 -1993.657 -3.018 10.955 77.436 4509997.101
2019.000 9.000 2.000 6.000 12.000 0.000 0.000 0.000 -1.959 -88.271 -2008.933 -2.363 10.494 78.871 4576233.462
2019.000 9.000 2.000 6.000 13.000 0.000 0.000 0.000 0.813 -89.871 -2022.250 15.805 15.806 78.896 4863657.791
2019.000 9.000 2.000 6.000 14.000 0.000 0.000 0.000 0.403 -95.507 -2045.453 28.276 3.813 81.151 4757287.358
2019.000 9.000 2.000 6.000 15.000 0.000 0.000 0.000 1.365 -91.428 -2073.262 -16.623 -17.772 81.152 4998464.380
2019.000 9.000 2.000 6.000 16.000 0.000 0.000 0.000 -0.119 -95.521 -2107.480 8.885 -14.313 82.060 4944181.362
2019.000 9.000 2.000 6.000 17.000 0.000 0.000 0.000 0.306 -97.759 -2169.306 12.686 -3.848 83.203 5065734.315
2019.000 9.000 2.000 6.000 18.000 0.000 0.000 0.000 0.467 -100.831 -2182.015 1.309 8.878 84.640 5137618.825
2019.000 9.000 2.000 6.000 19.000 0.000 0.000 0.000 -0.463 -99.489 -2200.090 -19.978 3.186 85.412 5275706.602
2019.000 9.000 2.000 6.000 20.000 0.000 0.000 0.000 0.781 -102.463 -2232.853 8.761 11.393 86.362 5293888.762
2019.000 9.000 2.000 6.000 21.000 0.000 0.000 0.000 0.010 -103.185 -2268.666 -5.169 -4.186 87.925 5314528.290
2019.000 9.000 2.000 6.000 22.000 0.000 0.000 0.000 -1.605 -104.614 -2304.995 -6.791 -17.018 88.514 5476385.748
2019.000 9.000 2.000 6.000 23.000 0.000 0.000 0.000 1.262 -106.688 -2330.135 31.289 0.896 90.374 5522428.066
2019.000 9.000 2.000 6.000 24.000 0.000 0.000 0.000 -2.451 -109.784 -2343.528 -16.801 -6.763 90.040 5595076.036
2019.000 9.000 2.000 6.000 25.000 0.000 0.000 0.000 2.206 -111.607 -2382.358 -6.474 9.387 91.737 5622444.664
2019.000 9.000 2.000 6.000 26.000 0.000 0.000 0.000 -0.504 -113.347 -2414.561 -4.502 -2.144 91.429 5947216.596
2019.000 9.000 2.000 6.000 27.000 0.000 0.000 0.000 -1.177 -111.156 -2387.408 29.350 -21.160 92.861 5829631.658
2019.000 9.000 2.000 6.000 28.000 0.000 0.000 0.000 1.345 -115.384 -2459.231 15.747 14.003 93.712 5909402.628
2019.000 9.000 2.000 6.000 29.000 0.000 0.000 0.000 0.192 -119.554 -2499.728 -20.143 -12.437 94.205 6000000.000
2019.000 9.000 2.000 6.000 30.000 0.000 0.000 0.000 -0.102 -0.999 -428.106 -19.473 8.622 27.527 417966.370
2019.000 9.000 2.000 6.000 31.000 0.000 0.000 0.000 -1.066 -2.137 -413.268 23.130 -26.169 27.948 428753.695
2019.000 9.000 2.000 6.000 32.000 0.000 0.000 0.000 2.001 -0.598 -455.900 -6.409 8.753 26.824 405109.875
2019.000 9.000 2.000 6.000 33.000 0.000 0.000 0.000 -0.396 4.339 -454.699 -19.240 21.063 26.015 338213.560
2019.000 9.000 2.000 6.000 34.000 0.000 0.000 0.000 0.506 2.277 -472.162 -18.166 -13.336 28.108 388135.483
2019.000 9.000 2.000 6.000 35.000 0.000 0.000 0.000 0.936 -3.169 -446.929 -7.093 6.231 26.073 419893.350
2019.000 9.000 2.000 6.000 36.000 0.000 0.000 0.000 -1.121 -0.874 -461.917 15.400 6.876 26.675 404640.512
2019.000 9.000 2.000 6.000 37.000 0.000 0.000 0.000 0.985 -0.037 -429.466 -1.938 -7.799 26.737 345699.454
2019.000 9.000 2.000 6.000 38.000 0.000 0.000 0.000 -3.409 1.564 -464.087 -16.095 0.272 26.970 401374.709
2019.000 9.000 2.000 6.000 39.000 0.000 0.000 0.000 0.681 -0.880 -456.611 31.803 -2.315 27.082 356107.271
2019.000 9.000 2.000 6.000 40.000 0.000 0.000 0.000 -1.831 1.281 -446.884 28.954 -0.643 25.695 392669.319
2019.000 9.000 2.000 6.000 41.000 0.000 0.000 0.000 2.451 -0.643 -457.963 4.402 -42.903 26.227 378797.593
2019.000 9.000 2.000 6.000 42.000 0.000 0.000 0.000 -0.325 -2.945 -464.391 -5.553 2.103 27.105 422192.308
2019.000 9.000 2.000 6.000 43.000 0.000 0.000 0.000 0.207 -0.383 -458.928 9.281 -11.643 25.682 451066.739
2019.000 9.000 2.000 6.000 44.000 0.000 0.000 0.000 -0.506 -0.281 -442.665 2.263 -15.018 27.908 371140.405
2019.000 9.000 2.000 6.000 45.000 0.000 0.000 0.000 -1.581 -1.042 -477.145 -13.723 4.251 26.871 353434.907
2019.000 9.000 2.000 6.000 46.000 0.000 0.000 0.000 0.180 -0.840 -430.856 6.762 5.758 26.770 467682.451
2019.000 9.000 2.000 6.000 47.000 0.000 0.000 0.000 -0.983 -0.328 -439.953 -8.456 23.575 27.048 345734.293
2019.000 9.000 2.000 6.000 48.000 0.000 0.000 0.000 -0.189 2.049 -429.995 6.536 4.156 27.580 273701.875
2019.000 9.000 2.000 6.000 49.000 0.000 0.000 0.000 0.765 -0.851 -464.688 18.173 26.800 27.239 389494.347
2019.000 9.000 2.000 6.000 50.000 0.000 0.000 0.000 -1.279 -1.577 -472.096 -8.046 2.931 27.693 443450.384
2019.000 9.000 2.000 6.000 51.000 0.000 0.000 0.000 -0.019 0.651 -437.089 -18.779 -5.442 26.432 426106.533
2019.000 9.000 2.000 6.000 52.000 0.000 0.000 0.000 -0.145 1.733 -447.614 31.931 -18.697 27.412 383507.403
2019.000 9.000 2.000 6.000 53.000 0.000 0.000 0.000 0.468 1.624 -462.326 -20.475 -5.257 27.883 336946.459
2019.000 9.000 2.000 6.000 54.000 0.000 0.000 0.000 -1.676 0.236 -419.927 26.622 -4.010 27.071 316943.844
2019.000 9.000 2.000 6.000 55.000 0.000 0.000 0.000 -0.689 0.792 -439.025 -0.532 10.614 27.675 473232.080
2019.000 9.000 2.000 6.000 56.000 0.000 0.000 0.000 -2.240 2.231 -454.574 -17.549 1.564 26.671 512396.621
2019.000 9.000 2.000 6.000 57.000 0.000 0.000 0.000 2.768 -1.862 -448.441 11.391 -2.794 27.553 380282.499
2019.000 9.000 2.000 6.000 58.000 0.000 0.000 0.000 1.940 -1.293 -449.738 17.072 -23.559 26.998 477532.800
2019.000 9.000 2.000 6.000 59.000 0.000 0.000 0.000 -0.849 2.572 -457.418 -11.736 17.238 27.464 338007.189
2019.000 9.000 2.000 7.000 0.000 0.000 0.000 0.000 0.707 2.732 -470.473 -7.466 -15.189 27.067 382459.095
2019.000 9.000 2.000 7.000 1.000 0.000 0.000 0.000 -3.222 -1.047 -459.164 -4.375 -35.450 26.971 281674.120
2019.000 9.000 2.000 7.000 2.000 0.000 0.000 0.000 0.155 -0.592 -440.036 -11.203 11.086 26.806 433002.864
2019.000 9.000 2.000 7.000 3.000 0.000 0.000 0.000 -0.340 -1.714 -465.182 4.578 8.245 27.967 368194.982
2019.000 9.000 2.000 7.000 4.000 0.000 0.000 0.000 1.418 -0.082 -422.738 4.447 7.047 27.114 331447.185
2019.000 9.000 2.000 7.000 5.000 0.000 0.000 0.000 -1.494 0.408 -467.546 -1.214 0.702 27.337 300768.938
2019.000 9.000 2.000 7.000 6.000 0.000 0.000 0.000 -0.605 2.837 -456.838 -4.076 -12.395 26.955 413299.330
2019.000 9.000 2.000 7.000 7.000 0.000 0.000 0.000 0.995 0.376 -467.435 8.591 6.617 26.987 422054.285
2019.000 9.000 2.000 7.000 8.000 0.000 0.000 0.000 -1.846 -2.539 -444.360 -18.008 4.268 27.823 402937.265
2019.000 9.000 2.000 7.000 9.000 0.000 0.000 0.000 -1.336 -1.818 -444.570 5.891 58.718 27.125 338784.233
2019.000 9.000 2.000 7.000 10.000 0.000 0.000 0.000 -1.180 -1.253 -467.154 -0.763 -5.607 26.490 429642.079
2019.000 9.000 2.000 7.000 11.000 0.000 0.000 0.000 2.518 1.859 -476.730 10.308 -0.493 26.636 440371.331
2019.000 9.000 2.000 7.000 12.000 0.000 0.000 0.000 -0.522 -0.497 -451.764 -1.820 -5.351 27.594 390061.867
2019.000 9.000 2.000 7.000 13.000 0.000 0.000 0.000 0.489 -0.089 -431.949 10.398 -14.062 26.510 351187.639
2019.000 9.000 2.000 7.000 14.000 0.000 0.000 0.000 2.170 3.566 -453.578 23.414 -9.267 26.987 275353.064
2019.000 9.000 2.000 7.000 15.000 0.000 0.000 0.000 1.161 -1.470 -462.976 8.011 -13.169 26.753 410414.968
2019.000 9.000 2.000 7.000 16.000 0.000 0.000 0.000 0.726 0.895 -427.173 -6.294 7.901 26.610 360356.489
2019.000 9.000 2.000 7.000 17.000 0.000 0.000 0.000 1.405 1.743 -452.315 -24.549 15.580 25.917 434318.112
2019.000 9.000 2.000 7.000 18.000 0.000 0.000 0.000 -1.191 0.367 -431.009 -21.202 -14.786 26.394 424534.712
2019.000 9.000 2.000 7.000 19.000 0.000 0.000 0.000 -2.114 -0.845 -463.350 7.437 -6.473 26.781 307485.006
2019.000 9.000 2.000 7.000 20.000 0.000 0.000 0.000 1.301 1.926 -456.260 7.004 -16.886 26.454 324258.622
2019.000 9.000 2.000 7.000 21.000 0.000 0.000 0.000 -0.013 1.085 -458.394 9.617 9.151 27.855 278225.971
2019.000 9.000 2.000 7.000 22.000 0.000 0.000 0.000 -0.768 -0.700 -436.972 -7.932 7.973 26.573 345968.734
2019.000 9.000 2.000 7.000 23.000 0.000 0.000 0.000 -1.448 1.081 -432.550 -20.186 -20.995 26.282 333933.115
2019.000 9.000 2.000 7.000 24.000 0.000 0.000 0.000 -0.910 1.524 -458.308 7.120 -18.398 28.064 403144.562
2019.000 9.000 2.000 7.000 25.000 0.000 0.000 0.000 -0.423 1.197 -460.748 4.552 20.350 27.754 500270.137
2019.000 9.000 2.000 7.000 26.000 0.000 0.000 0.000 0.803 0.948 -453.648 17.154 19.251 27.367 396142.581
2019.000 9.000 2.000 7.000 27.000 0.000 0.000 0.000 2.480 0.226 -437.489 16.121 -1.439 27.403 377393.902
2019.000 9.000 2.000 7.000 28.000 0.000 0.000 0.000 -0.841 0.263 -466.901 1.800 0.201 26.564 510468.546
2019.000 9.000 2.000 7.000 29.000 0.000 0.000 0.000 0.489 0.145 -477.338 10.110 9.242 26.686 352231.201
2019.000 9.000 2.000 7.000 30.000 0.000 0.000 0.000 -1.370 1.305 -451.640 -23.232 -7.158 27.635 483298.523
2019.000 9.000 2.000 7.000 31.000 0.000 0.000 0.000 0.440 -1.846 -453.516 -18.172 18.953 26.904 545891.731
2019.000 9.000 2.000 7.000 32.000 0.000 0.000 0.000 0.641 -0.748 -442.409 -7.370 -21.242 27.672 460774.309
2019.000 9.000 2.000 7.000 33.000 0.000 0.000 0.000 2.060 -0.663 -455.116 -10.500 -5.653 26.767 352263.112
2019.000 9.000 2.000 7.000 34.000 0.000 0.000 0.000 -0.109 0.337 -427.087 16.466 -7.900 27.807 317065.753
2019.000 9.000 2.000 7.000 35.000 0.000 0.000 0.000 -0.942 1.311 -418.449 25.070 20.940 27.438 394806.980
2019.000 9.000 2.000 7.000 36.000 0.000 0.000 0.000 1.700 -0.714 -428.736 8.516 18.921 26.712 281314.319
2019.000 9.000 2.000 7.000 37.000 0.000 0.000 0.000 -0.558 -0.978 -435.916 -7.869 -9.635 27.443 465601.892
2019.000 9.000 2.000 7.000 38.000 0.000 0.000 0.000 1.645 -2.133 -462.047 24.200 8.132 27.453 561004.388
2019.000 9.000 2.000 7.000 39.000 0.000 0.000 0.000 0.415 0.296 -478.490 2.810 9.485 26.622 418590.072
2019.000 9.000 2.000 7.000 40.000 0.000 0.000 0.000 1.561 1.265 -474.743 -8.976 -33.025 26.968 435031.242
2019.000 9.000 2.000 7.000 41.000 0.000 0.000 0.000 0.751 2.988 -449.086 10.608 15.950 26.215 440451.472
2019.000 9.000 2.000 7.000 42.000 0.000 0.000 0.000 0.398 1.052 -460.528 -11.536 -5.465 26.972 403941.570
2019.000 9.000 2.000 7.000 43.000 0.000 0.000 0.000 3.228 2.308 -469.088 -1.499 9.264 27.576 411563.163
2019.000 9.000 2.000 7.000 44.000 0.000 0.000 0.000 -0.080 3.921 -463.064 5.168 -14.711 27.071 464111.789
2019.000 9.000 2.000 7.000 45.000 0.000 0.000 0.000 0.984 -0.369 -450.549 5.539 -14.726 26.141 350570.545
2019.000 9.000 2.000 7.000 46.000 0.000 0.000 0.000 -1.713 -0.682 -460.446 12.803 4.980 26.998 536924.804
2019.000 9.000 2.000 7.000 47.000 0.000 0.000 0.000 1.831 -0.638 -444.494 12.655 -8.961 28.014 434097.926
2019.000 9.000 2.000 7.000 48.000 0.000 0.000 0.000 -2.476 1.578 -440.382 24.626 -1.627 27.278 243206.979
2019.000 9.000 2.000 7.000 49.000 0.000 0.000 0.000 -0.528 0.203 -435.083 -10.162 1.453 27.354 320148.262
2019.000 9.000 2.000 7.000 50.000 0.000 0.000 0.000 0.217 -0.278 -427.517 -10.934 -13.859 26.639 265882.612
2019.000 9.000 2.000 7.000 51.000 0.000 0.000 0.000 -1.472 0.350 -448.654 15.187 11.624 27.948 397624.969
2019.000 9.000 2.000 7.000 52.000 0.000 0.000 0.000 -0.906 2.879 -464.830 27.471 -10.430 28.151 368266.625
2019.000 9.000 2.000 7.000 53.000 0.000 0.000 0.000 0.141 1.940 -450.225 -13.372 1.799 27.445 445860.939
2019.000 9.000 2.000 7.000 54.000 0.000 0.000 0.000 -0.122 -1.708 -445.271 17.424 1.966 26.040 391619.199
2019.000 9.000 2.000 7.000 55.000 0.000 0.000 0.000 2.238 -0.917 -449.527 -10.331 -11.559 25.806 418597.017
2019.000 9.000 2.000 7.000 56.000 0.000 0.000 0.000 -0.190 0.663 -452.665 -36.138 30.232 27.304 449034.389
2019.000 9.000 2.000 7.000 57.000 0.000 0.000 0.000 -0.525 -0.671 -449.806 -23.674 -18.106 27.316 478821.810
2019.000 9.000 2.000 7.000 58.000 0.000 0.000 0.000 -1.916 -0.910 -458.690 21.797 21.212 27.036 293244.583
2019.000 9.000 2.000 7.000 59.000 0.000 0.000 0.000 1.120 1.584 -430.094 -10.219 -5.972 26.799 339626.475
2019.000 9.000 2.000 8.000 0.000 0.000 0.000 0.000 -1.268 -0.561 -447.980 4.928 4.277 27.454 469549.404
2019.000 9.000 2.000 8.000 1.000 0.000 0.000 0.000 -0.048 -0.977 -437.972 6.318 -43.367 26.799 304599.157
2019.000 9.000 2.000 8.000 2.000 0.000 0.000 0.000 -0.739 -1.904 -443.961 -7.533 -10.108 26.697 288040.690
2019.000 9.000 2.000 8.000 3.000 0.000 0.000 0.000 0.158 0.690 -431.296 -16.015 14.179 26.597 406815.546
2019.000 9.000 2.000 8.000 4.000 0.000 0.000 0.000 0.209 1.800 -447.993 -16.898 26.965 26.675 541887.158
2019.000 9.000 2.000 8.000 5.000 0.000 0.000 0.000 0.784 1.915 -431.680 -13.412 29.522 27.345 454277.200
2019.000 9.000 2.000 8.000 6.000 0.000 0.000 0.000 -2.132 4.886 -431.933 3.894 28.985 26.449 349647.285
2019.000 9.000 2.000 8.000 7.000 0.000 0.000 0.000 -0.718 -0.302 -446.820 36.779 -4.136 26.592 386307.450
2019.000 9.000 2.000 8.000 8.000 0.000 0.000 0.000 -0.010 0.783 -459.634 -33.584 -16.726 26.626 329836.661
2019.000 9.000 2.000 8.000 9.000 0.000 0.000 0.000 -0.875 0.304 -471.841 10.937 -24.936 27.553 333710.155
2019.000 9.000 2.000 8.000 10.000 0.000 0.000 0.000 2.467 0.639 -451.862 18.564 21.607 28.134 261234.486
2019.000 9.000 2.000 8.000 11.000 0.000 0.000 0.000 0.213 -0.324 -439.319 17.394 -13.438 28.367 430936.763
2019.000 9.000 2.000 8.000 12.000 0.000 0.000 0.000 -0.198 -1.037 -485.153 -2.384 -19.165 26.529 393858.700
2019.000 9.000 2.000 8.000 13.000 0.000 0.000 0.000 -1.659 -1.167 -458.892 11.798 -8.573 26.921 368637.673
2019.000 9.000 2.000 8.000 14.000 0.000 0.000 0.000 0.179 0.025 -456.421 -4.842 8.711 27.746 416221.535
2019.000 9.000 2.000 8.000 15.000 0.000 0.000 0.000 1.428 -2.242 -463.429 -15.791 7.125 26.314 409395.156
2019.000 9.000 2.000 8.000 16.000 0.000 0.000 0.000 0.578 -1.061 -441.218 0.325 1.521 27.883 435420.522
2019.000 9.000 2.000 8.000 17.000 0.000 0.000 0.000 -1.675 0.785 -463.739 -11.028 10.680 26.168 426109.371
2019.000 9.000 2.000 8.000 18.000 0.000 0.000 0.000 -0.030 0.840 -454.030 4.387 11.504 26.942 342291.784
2019.000 9.000 2.000 8.000 19.000 0.000 0.000 0.000 -0.387 -0.393 -437.841 -6.397 0.683 26.219 402024.313
2019.000 9.000 2.000 8.000 20.000 0.000 0.000 0.000 -0.382 -2.641 -438.173 18.833 0.392 26.117 341401.200
2019.000 9.000 2.000 8.000 21.000 0.000 0.000 0.000 -1.577 -1.172 -444.605 -9.422 15.928 25.976 316823.860
2019.000 9.000 2.000 8.000 22.000 0.000 0.000 0.000 1.656 -0.541 -454.167 -2.526 -1.114 27.948 427164.848
2019.000 9.000 2.000 8.000 23.000 0.000 0.000 0.000 2.400 -2.146 -470.113 -16.290 6.795 27.115 447479.094
2019.000 9.000 2.000 8.000 24.000 0.000 0.000 0.000 -1.640 0.258 -457.393 -7.272 23.365 26.636 475938.529
2019.000 9.000 2.000 8.000 25.000 0.000 0.000 0.000 -0.979 1.883 -463.233 -4.008 -23.163 27.637 383231.039
2019.000 9.000 2.000 8.000 26.000 0.000 0.000 0.000 0.969 -1.236 -457.957 -18.613 3.904 27.020 454621.407
2019.000 9.000 2.000 8.000 27.000 0.000 0.000 0.000 1.412 -0.507 -443.730 -5.733 -6.212 26.498 473278.939
2019.000 9.000 2.000 8.000 28.000 0.000 0.000 0.000 3.465 -1.811 -448.322 -2.138 -4.547 27.920 494869.613
2019.000 9.000 2.000 8.000 29.000 0.000 0.000 0.000 0.749 0.270 -456.051 3.913 15.222 27.477 410693.626
2019.000 9.000 2.000 8.000 30.000 0.000 0.000 0.000 1.503 -0.310 -441.852 -39.865 -15.398 26.903 422896.626
2019.000 9.000 2.000 8.000 31.000 0.000 0.000 0.000 0.717 -0.777 -455.571 5.052 -20.493 25.926 389470.311
2019.000 9.000 2.000 8.000 32.000 0.000 0.000 0.000 3.558 -1.948 -441.099 -27.983 -0.799 27.079 356887.739
2019.000 9.000 2.000 8.000 33.000 0.000 0.000 0.000 0.752 3.146 -455.473 14.166 -34.611 27.055 310925.758
2019.000 9.000 2.000 8.000 34.000 0.000 0.000 0.000 0.581 -1.077 -438.546 0.271 1.533 26.554 410010.753
2019.000 9.000 2.000 8.000 35.000 0.000 0.000 0.000 2.098 -0.944 -423.752 -6.640 3.464 27.815 274411.162
2019.000 9.000 2.000 8.000 36.000 0.000 0.000 0.000 -0.145 2.443 -449.471 30.843 -6.278 27.418 494186.299
2019.000 9.000 2.000 8.000 37.000 0.000 0.000 0.000 -0.015 -1.178 -475.056 -25.270 13.530 26.398 376679.421
2019.000 9.000 2.000 8.000 38.000 0.000 0.000 0.000 -2.668 -1.034 -454.991 8.202 22.078 26.385 207521.721
2019.000 9.000 2.000 8.000 39.000 0.000 0.000 0.000 3.455 -2.771 -441.070 24.314 -22.833 27.202 428273.572
2019.000 9.000 2.000 8.000 40.000 0.000 0.000 0.000 -1.553 -0.251 -444.741 -10.306 11.256 26.751 516078.351
2019.000 9.000 2.000 8.000 41.000 0.000 0.000 0.000 1.773 0.202 -429.182 -15.674 16.720 26.120 306245.824
2019.000 9.000 2.000 8.000 42.000 0.000 0.000 0.000 -0.425 2.783 -426.026 6.297 -3.373 27.096 354732.908
2019.000 9.000 2.000 8.000 43.000 0.000 0.000 0.000 -0.804 -0.624 -424.987 7.004 -0.788 26.796 393362.264
2019.000 9.000 2.000 8.000 44.000 0.000 0.000 0.000 1.133 0.561 -450.002 -28.883 2.821 26.667 415742.873
2019.000 9.000 2.000 8.000 45.000 0.000 0.000 0.000 0.444 1.186 -442.528 -21.573 -10.535 25.876 371737.242
2019.000 9.000 2.000 8.000 46.000 0.000 0.000 0.000 -1.896 2.581 -446.393 -2.098 -8.728 27.327 417276.618
2019.000 9.000 2.000 8.000 47.000 0.000 0.000 0.000 2.666 -2.418 -441.722 4.249 10.441 27.169 282654.197
2019.000 9.000 2.000 8.000 48.000 0.000 0.000 0.000 -1.785 -0.997 -435.002 0.613 -7.481 28.224 399629.371
2019.000 9.000 2.000 8.000 49.000 0.000 0.000 0.000 -0.610 1.335 -443.308 -20.521 -8.003 26.759 362946.196
2019.000 9.000 2.000 8.000 50.000 0.000 0.000 0.000 -0.436 -0.173 -455.662 -13.170 13.632 27.699 348449.891
2019.000 9.000 2.000 8.000 51.000 0.000 0.000 0.000 -2.667 -4.329 -434.958 1.128 3.312 25.949 359279.674
2019.000 9.000 2.000 8.000 52.000 0.000 0.000 0.000 -0.532 -0.770 -430.244 -17.773 -1.053 26.863 369150.059
2019.000 9.000 2.000 8.000 53.000 0.000 0.000 0.000 -1.692 3.719 -425.856 14.720 38.300 26.595 302322.781
2019.000 9.000 2.000 8.000 54.000 0.000 0.000 0.000 -1.011 1.953 -459.593 -9.696 21.496 27.154 272573.053
2019.000 9.000 2.000 8.000 55.000 0.000 0.000 0.000 -3.960 -1.226 -467.971 -19.548 -2.134 27.134 414579.693
2019.000 9.000 2.000 8.000 56.000 0.000 0.000 0.000 -2.249 1.748 -426.112 -3.543 6.532 27.191 448497.974
2019.000 9.000 2.000 8.000 57.000 0.000 0.000 0.000 -0.069 -0.423 -455.874 24.435 2.527 27.530 330508.081
2019.000 9.000 2.000 8.000 58.000 0.000 0.000 0.000 -1.619 -0.980 -455.484 2.157 -8.138 27.424 457119.460
2019.000 9.000 2.000 8.000 59.000 0.000 0.000 0.000 2.297 -2.112 -444.298 -21.685 15.740 27.014 514818.873
2019.000 9.000 2.000 9.000 0.000 0.000 0.000 0.000 -1.561 -2.393 -447.557 -3.811 -1.264 27.026 344074.361
2019.000 9.000 2.000 9.000 1.000 0.000 0.000 0.000 -1.506 -2.646 -447.994 2.766 5.106 27.084 353340.140
2019.000 9.000 2.000 9.000 2.000 0.000 0.000 0.000 0.661 2.457 -462.443 0.687 12.523 28.263 330414.656
2019.000 9.000 2.000 9.000 3.000 0.000 0.000 0.000 1.181 0.853 -451.177 20.950 0.420 26.390 543062.743
2019.000 9.000 2.000 9.000 4.000 0.000 0.000 0.000 -1.919 2.084 -433.682 9.764 8.824 27.559 352435.155
2019.000 9.000 2.000 9.000 5.000 0.000 0.000 0.000 0.580 1.155 -468.165 -17.521 -9.247 27.130 286471.986
2019.000 9.000 2.000 9.000 6.000 0.000 0.000 0.000 1.509 2.691 -437.292 -9.008 4.180 26.440 498091.263
2019.000 9.000 2.000 9.000 7.000 0.000 0.000 0.000 -0.534 0.910 -431.782 25.334 -15.549 26.637 452170.661
2019.000 9.000 2.000 9.000 8.000 0.000 0.000 0.000 1.703 -0.687 -462.139 -8.695 -2.774 27.107 417783.749
2019.000 9.000 2.000 9.000 9.000 0.000 0.000 0.000 0.545 -1.787 -453.625 -3.699 13.613 27.075 463808.204
2019.000 9.000 2.000 9.000 10.000 0.000 0.000 0.000 1.650 0.538 -443.014 -16.178 5.270 27.850 357473.377
2019.000 9.000 2.000 9.000 11.000 0.000 0.000 0.000 3.625 0.347 -446.480 -17.570 -19.273 26.497 530693.011
2019.000 9.000 2.000 9.000 12.000 0.000 0.000 0.000 -1.225 0.502 -477.525 11.964 13.014 26.929 389077.590
2019.000 9.000 2.000 9.000 13.000 0.000 0.000 0.000 -1.019 0.893 -439.303 -13.960 -8.842 27.101 280802.911
2019.000 9.000 2.000 9.000 14.000 0.000 0.000 0.000 -1.819 -1.057 -451.222 9.433 5.967 26.391 479608.814
2019.000 9.000 2.000 9.000 15.000 0.000 0.000 0.000 -1.795 -1.327 -456.078 -6.425 27.951 27.316 456998.229
2019.000 9.000 2.000 9.000 16.000 0.000 0.000 0.000 3.313 -1.143 -452.888 -17.480 15.398 27.892 435147.863
2019.000 9.000 2.000 9.000 17.000 0.000 0.000 0.000 -1.399 0.537 -440.431 29.716 14.268 26.503 426701.544
2019.000 9.000 2.000 9.000 18.000 0.000 0.000 0.000 2.036 1.300 -438.352 -1.904 16.720 27.544 373266.456
2019.000 9.000 2.000 9.000 19.000 0.000 0.000 0.000 -0.161 1.706 -439.874 -3.362 -21.337 26.502 383266.340
2019.000 9.000 2.000 9.000 20.000 0.000 0.000 0.000 -2.987 0.030 -453.110 34.425 -0.643 27.241 503499.860
2019.000 9.000 2.000 9.000 21.000 0.000 0.000 0.000 -0.505 2.149 -428.932 -5.003 25.401 27.362 498853.128
2019.000 9.000 2.000 9.000 22.000 0.000 0.000 0.000 -1.998 1.380 -480.390 -4.760 4.559 25.551 296815.739
2019.000 9.000 2.000 9.000 23.000 0.000 0.000 0.000 1.463 -1.293 -465.991 16.177 -6.626 27.344 304044.124
2019.000 9.000 2.000 9.000 24.000 0.000 0.000 0.000 -0.683 -0.311 -446.841 27.007 11.548 26.397 291940.739
2019.000 9.000 2.000 9.000 25.000 0.000 0.000 0.000 1.392 -0.946 -444.551 4.592 -13.092 27.416 498764.016
2019.000 9.000 2.000 9.000 26.000 0.000 0.000 0.000 0.274 -1.531 -450.146 5.088 -13.841 26.492 314120.696
2019.000 9.000 2.000 9.000 27.000 0.000 0.000 0.000 -1.020 -1.278 -465.345 -36.055 -22.117 26.227 397506.172
2019.000 9.000 2.000 9.000 28.000 0.000 0.000 0.000 0.671 1.505 -444.889 -19.586 14.767 26.358 312963.618
2019.000 9.000 2.000 9.000 29.000 0.000 0.000 0.000 1.433 0.058 -436.770 4.292 -9.777 27.622 388455.637
2019.000 9.000 2.000 9.000 30.000 0.000 0.000 0.000 -1.291 -0.959 -455.143 0.388 18.005 26.036 430475.237
2019.000 9.000 2.000 9.000 31.000 0.000 0.000 0.000 -1.677 -2.334 -451.249 32.436 3.383 27.124 434718.044
2019.000 9.000 2.000 9.000 32.000 0.000 0.000 0.000 -2.300 -2.492 -434.841 2.153 3.878 28.135 282103.170
2019.000 9.000 2.000 9.000 33.000 0.000 0.000 0.000 0.061 1.006 -478.874 16.741 -29.263 28.136 368585.460
2019.000 9.000 2.000 9.000 34.000 0.000 0.000 0.000 0.621 -2.599 -460.610 -6.652 -35.053 26.829 412393.232
2019.000 9.000 2.000 9.000 35.000 0.000 0.000 0.000 1.601 -0.600 -429.268 -15.826 -0.101 27.307 266283.133
2019.000 9.000 2.000 9.000 36.000 0.000 0.000 0.000 -1.771 0.082 -426.346 -12.441 7.142 26.579 452082.550
2019.000 9.000 2.000 9.000 37.000 0.000 0.000 0.000 0.262 2.178 -440.353 13.971 6.120 28.097 332626.866
2019.000 9.000 2.000 9.000 38.000 0.000 0.000 0.000 0.285 1.454 -462.875 -5.061 21.325 27.103 381645.576
2019.000 9.000 2.000 9.000 39.000 0.000 0.000 0.000 -0.703 0.246 -441.439 -17.762 -17.695 27.069 429566.334
2019.000 9.000 2.000 9.000 40.000 0.000 0.000 0.000 -0.125 -2.602 -439.266 -8.073 -10.681 27.013 429889.073
2019.000 9.000 2.000 9.000 41.000 0.000 0.000 0.000 -0.348 1.588 -424.264 -8.497 -6.669 27.400 532845.058
2019.000 9.000 2.000 9.000 42.000 0.000 0.000 0.000 0.303 -1.424 -444.610 16.624 9.529 27.531 358303.410
2019.000 9.000 2.000 9.000 43.000 0.000 0.000 0.000 -1.126 -1.325 -473.344 4.638 -7.922 26.248 406872.315
2019.000 9.000 2.000 9.000 44.000 0.000 0.000 0.000 0.187 1.532 -435.907 12.198 -20.059 27.171 431042.165
2019.000 9.000 2.000 9.000 45.000 0.000 0.000 0.000 -2.801 -0.967 -457.588 21.587 -11.435 27.536 571190.355
2019.000 9.000 2.000 9.000 46.000 0.000 0.000 0.000 -1.167 -0.974 -467.642 19.347 8.584 25.899 256408.028
2019.000 9.000 2.000 9.000 47.000 0.000 0.000 0.000 0.876 0.349 -437.193 -22.062 -9.620 27.643 348852.741
2019.000 9.000 2.000 9.000 48.000 0.000 0.000 0.000 -1.698 -2.879 -447.950 -13.047 -16.805 27.409 452640.241
2019.000 9.000 2.000 9.000 49.000 0.000 0.000 0.000 0.994 -3.327 -456.027 -12.381 -11.618 27.241 404540.519
2019.000 9.000 2.000 9.000 50.000 0.000 0.000 0.000 0.357 0.271 -433.651 17.676 38.605 26.965 393253.118
2019.000 9.000 2.000 9.000 51.000 0.000 0.000 0.000 -1.579 -2.056 -453.095 3.496 -8.117 27.188 502436.429
2019.000 9.000 2.000 9.000 52.000 0.000 0.000 0.000 -0.235 -2.157 -439.302 -5.534 5.372 27.094 406080.808
2019.000 9.000 2.000 9.000 53.000 0.000 0.000 0.000 -0.609 -1.126 -457.678 -2.841 20.195 26.676 474986.225
2019.000 9.000 2.000 9.000 54.000 0.000 0.000 0.000 -1.117 -0.069 -459.124 -27.110 -10.011 26.371 451007.020
2019.000 9.000 2.000 9.000 55.000 0.000 0.000 0.000 0.212 0.300 -458.263 11.204 1.896 27.081 405577.970
2019.000 9.000 2.000 9.000 56.000 0.000 0.000 0.000 -2.052 1.619 -457.242 21.345 -25.402 27.836 444943.680
2019.000 9.000 2.000 9.000 57.000 0.000 0.000 0.000 -0.755 -0.450 -462.875 2.765 7.463 27.761 375290.810
2019.000 9.000 2.000 9.000 58.000 0.000 0.000 0.000 -0.377 -2.390 -430.016 -10.614 -2.243 27.909 492526.453
2019.000 9.000 2.000 9.000 59.000 0.000 0.000 0.000 0.389 2.142 -435.207 -2.363 22.182 26.309 434495.689
2019.000 9.000 2.000 10.000 0.000 0.000 0.000 0.000 2.974 -0.741 -447.672 11.355 32.556 26.538 350987.950
2019.000 9.000 2.000 10.000 1.000 0.000 0.000 0.000 -2.205 -1.111 -450.282 5.625 9.145 26.672 299515.210
2019.000 9.000 2.000 10.000 2.000 0.000 0.000 0.000 -3.491 1.631 -450.022 -2.481 -20.290 27.358 273332.519
2019.000 9.000 2.000 10.000 3.000 0.000 0.000 0.000 0.474 -0.607 -412.553 -4.597 2.102 27.748 357800.771
2019.000 9.000 2.000 10.000 4.000 0.000 0.000 0.000 0.375 1.691 -417.821 2.949 15.650 26.062 397679.613
2019.000 9.000 2.000 10.000 5.000 0.000 0.000 0.000 0.618 0.372 -467.992 5.747 -4.491 25.990 428936.960
2019.000 9.000 2.000 10.000 6.000 0.000 0.000 0.000 -0.799 -0.273 -465.030 -0.382 -1.909 26.766 321789.943
2019.000 9.000 2.000 10.000 7.000 0.000 0.000 0.000 0.926 2.124 -455.095 -2.768 2.779 26.883 373518.789
2019.000 9.000 2.000 10.000 8.000 0.000 0.000 0.000 -0.339 0.207 -458.603 4.850 11.203 27.251 412852.413
2019.000 9.000 2.000 10.000 9.000 0.000 0.000 0.000 1.460 -0.121 -443.934 -23.583 -25.988 27.199 440529.440
2019.000 9.000 2.000 10.000 10.000 0.000 0.000 0.000 -0.650 -0.997 -425.529 -5.133 -22.731 26.219 470117.390
2019.000 9.000 2.000 10.000 11.000 0.000 0.000 0.000 -1.502 1.795 -461.225 -7.066 -7.185 27.263 371628.735
2019.000 9.000 2.000 10.000 12.000 0.000 0.000 0.000 -1.107 -2.003 -434.703 -42.730 20.665 26.627 484174.026
2019.000 9.000 2.000 10.000 13.000 0.000 0.000 0.000 -0.845 -0.644 -430.228 0.566 -24.075 26.426 431546.142
2019.000 9.000 2.000 10.000 14.000 0.000 0.000 0.000 -0.334 -1.105 -449.370 9.221 6.510 26.480 422566.793
2019.000 9.000 2.000 10.000 15.000 0.000 0.000 0.000 -1.072 1.993 -466.214 11.701 17.418 26.400 304631.226
2019.000 9.000 2.000 10.000 16.000 0.000 0.000 0.000 -0.581 -0.234 -437.901 -16.305 -18.564 27.589 496771.397
2019.000 9.000 2.000 10.000 17.000 0.000 0.000 0.000 1.125 -0.074 -424.401 -1.170 -12.264 28.209 295554.682
2019.000 9.000 2.000 10.000 18.000 0.000 0.000 0.000 -1.775 1.131 -422.158 14.764 0.166 26.299 418769.671
2019.000 9.000 2.000 10.000 19.000 0.000 0.000 0.000 1.505 1.587 -455.219 -23.905 -0.721 27.038 553999.207
2019.000 9.000 2.000 10.000 20.000 0.000 0.000 0.000 0.753 -1.022 -470.515 -13.764 -15.599 26.550 443094.102
2019.000 9.000 2.000 10.000 21.000 0.000 0.000 0.000 -2.445 -0.129 -470.426 6.550 -9.384 27.071 364214.528
2019.000 9.000 2.000 10.000 22.000 0.000 0.000 0.000 1.055 -1.917 -461.225 5.351 -14.962 26.994 406419.518
2019.000 9.000 2.000 10.000 23.000 0.000 0.000 0.000 -2.021 -0.303 -454.924 -12.890 23.795 27.389 321859.718
2019.000 9.000 2.000 10.000 24.000 0.000 0.000 0.000 -0.919 -0.723 -446.137 -16.707 -2.162 28.024 288408.837
2019.000 9.000 2.000 10.000 25.000 0.000 0.000 0.000 1.565 0.696 -433.201 -10.406 4.262 26.606 410325.778
2019.000 9.000 2.000 10.000 26.000 0.000 0.000 0.000 0.207 -1.223 -438.162 -2.529 -1.768 26.417 442078.385
2019.000 9.000 2.000 10.000 27.000 0.000 0.000 0.000 1.182 3.652 -475.732 5.462 -12.838 26.564 387477.008
2019.000 9.000 2.000 10.000 28.000 0.000 0.000 0.000 -0.612 -0.344 -433.062 17.211 6.585 26.796 299309.918
2019.000 9.000 2.000 10.000 29.000 0.000 0.000 0.000 -0.833 0.320 -459.681 6.788 3.032 27.193 434986.191
2019.000 9.000 2.000 10.000 30.000 0.000 0.000 0.000 0.828 0.676 -459.781 -15.880 9.016 27.108 260235.020
2019.000 9.000 2.000 10.000 31.000 0.000 0.000 0.000 0.571 0.150 -482.971 25.873 -21.166 28.589 465941.486
2019.000 9.000 2.000 10.000 32.000 0.000 0.000 0.000 -1.813 -1.427 -413.205 -2.164 0.585 26.188 425312.234
2019.000 9.000 2.000 10.000 33.000 0.000 0.000 0.000 0.181 -0.113 -452.148 14.104 -27.307 27.630 379435.997
2019.000 9.000 2.000 10.000 34.000 0.000 0.000 0.000 2.123 2.161 -453.741 13.203 -9.095 26.599 397871.952
2019.000 9.000 2.000 10.000 35.000 0.000 0.000 0.000 0.286 -1.430 -448.101 6.434 26.631 26.871 503537.151
2019.000 9.000 2.000 10.000 36.000 0.000 0.000 0.000 0.065 0.568 -441.686 10.798 -11.597 27.509 325954.017
2019.000 9.000 2.000 10.000 37.000 0.000 0.000 0.000 -1.700 1.910 -471.232 2.068 6.772 27.133 438087.086
2019.000 9.000 2.000 10.000 38.000 0.000 0.000 0.000 0.440 2.109 -452.815 -2.366 -11.011 27.480 452041.360
2019.000 9.000 2.000 10.000 39.000 0.000 0.000 0.000 -0.571 -0.560 -455.809 -1.263 23.748 26.416 488567.969
2019.000 9.000 2.000 10.000 40.000 0.000 0.000 0.000 0.171 2.618 -438.708 8.962 -3.787 27.699 526652.609
2019.000 9.000 2.000 10.000 41.000 0.000 0.000 0.000 2.772 -1.717 -442.245 8.256 9.545 26.850 336280.628
2019.000 9.000 2.000 10.000 42.000 0.000 0.000 0.000 -1.167 0.540 -452.437 -12.528 -13.183 27.267 550010.219
2019.000 9.000 2.000 10.000 43.000 0.000 0.000 0.000 0.474 0.177 -435.257 -12.981 4.714 26.068 336224.940
2019.000 9.000 2.000 10.000 44.000 0.000 0.000 0.000 -1.751 -1.400 -427.666 10.292 24.568 27.624 488771.748
2019.000 9.000 2.000 10.000 45.000 0.000 0.000 0.000 1.866 0.271 -455.261 7.433 -8.803 26.973 394912.511
2019.000 9.000 2.000 10.000 46.000 0.000 0.000 0.000 -0.722 -0.002 -444.536 -10.254 -13.032 26.819 428528.201
2019.000 9.000 2.000 10.000 47.000 0.000 0.000 0.000 -0.456 3.205 -448.467 17.305 -1.854 27.498 338052.744
2019.000 9.000 2.000 10.000 48.000 0.000 0.000 0.000 0.559 -0.632 -432.654 3.125 -17.698 26.361 312524.811
2019.000 9.000 2.000 10.000 49.000 0.000 0.000 0.000 -1.064 -0.279 -444.103 -3.538 -10.945 26.847 399315.836
2019.000 9.000 2.000 10.000 50.000 0.000 0.000 0.000 -2.421 0.164 -429.287 -14.277 18.425 28.349 367001.088
2019.000 9.000 2.000 10.000 51.000 0.000 0.000 0.000 -0.570 1.646 -439.442 -0.425 -1.106 26.785 455721.999
2019.000 9.000 2.000 10.000 52.000 0.000 0.000 0.000 2.546 -3.343 -464.369 5.484 -21.515 27.668 423801.444
2019.000 9.000 2.000 10.000 53.000 0.000 0.000 0.000 -2.089 0.375 -453.677 -8.576 -5.878 26.155 344553.681
2019.000 9.000 2.000 10.000 54.000 0.000 0.000 0.000 1.393 0.753 -475.804 19.517 -10.119 27.651 446284.404
2019.000 9.000 2.000 10.000 55.000 0.000 0.000 0.000 -0.010 0.510 -440.782 -23.318 12.258 26.811 398797.638
2019.000 9.000 2.000 10.000 56.000 0.000 0.000 0.000 -0.167 0.756 -421.854 -6.328 14.323 27.196 417324.299
2019.000 9.000 2.000 10.000 57.000 0.000 0.000 0.000 1.076 1.203 -465.701 7.724 13.234 26.331 383032.243
2019.000 9.000 2.000 10.000 58.000 0.000 0.000 0.000 -0.238 1.161 -427.538 -2.167 4.097 27.445 381501.572
2019.000 9.000 2.000 10.000 59.000 0.000 0.000 0.000 0.948 -1.829 -448.095 -3.122 -12.856 27.478 456583.449
2019.000 9.000 2.000 11.000 0.000 0.000 0.000 0.000 -0.111 -0.443 -446.285 8.873 37.907 26.369 434690.165
2019.000 9.000 2.000 11.000 1.000 0.000 0.000 0.000 1.708 3.069 -452.902 -17.481 -3.465 26.715 475987.476
2019.000 9.000 2.000 11.000 2.000 0.000 0.000 0.000 1.055 0.557 -464.220 -7.345 1.000 28.667 320220.866
2019.000 9.000 2.000 11.000 3.000 0.000 0.000 0.000 0.750 -0.772 -440.623 16.486 4.928 27.412 396941.442
2019.000 9.000 2.000 11.000 4.000 0.000 0.000 0.000 1.081 0.419 -450.291 3.235 6.153 26.311 367631.236
2019.000 9.000 2.000 11.000 5.000 0.000 0.000 0.000 -1.489 -0.626 -450.317 0.417 -6.202 27.525 373464.879
2019.000 9.000 2.000 11.000 6.000 0.000 0.000 0.000 0.510 1.018 -444.291 -7.047 -18.651 27.516 378775.954
2019.000 9.000 2.000 11.000 7.000 0.000 0.000 0.000 0.696 1.540 -448.857 2.558 1.016 27.459 370065.871
2019.000 9.000 2.000 11.000 8.000 0.000 0.000 0.000 1.099 -1.449 -466.120 -0.800 16.522 26.611 298702.151
2019.000 9.000 2.000 11.000 9.000 0.000 0.000 0.000 0.315 -0.227 -451.659 -20.619 -9.355 27.620 434823.786
2019.000 9.000 2.000 11.000 10.000 0.000 0.000 0.000 -1.609 0.230 -448.794 -8.208 -0.063 27.124 414743.961
2019.000 9.000 2.000 11.000 11.000 0.000 0.000 0.000 -1.157 -0.601 -447.562 -1.005 2.113 26.893 354565.622
2019.000 9.000 2.000 11.000 12.000 0.000 0.000 0.000 0.760 0.469 -440.118 15.724 -15.474 27.222 345222.773
2019.000 9.000 2.000 11.000 13.000 0.000 0.000 0.000 -0.999 3.725 -459.774 3.387 -38.098 26.164 444033.639
2019.000 9.000 2.000 11.000 14.000 0.000 0.000 0.000 0.255 -0.140 -449.764 -11.191 -6.846 28.089 438256.083
2019.000 9.000 2.000 11.000 15.000 0.000 0.000 0.000 -0.896 1.330 -447.055 -5.744 5.402 25.775 387993.718
2019.000 9.000 2.000 11.000 16.000 0.000 0.000 0.000 1.168 2.086 -434.765 -13.377 45.617 27.099 367106.079
2019.000 9.000 2.000 11.000 17.000 0.000 0.000 0.000 -0.442 -0.085 -455.703 7.505 -18.076 27.683 542044.228
2019.000 9.000 2.000 11.000 18.000 0.000 0.000 0.000 0.152 -2.928 -441.696 -4.772 -18.959 28.323 377798.960
2019.000 9.000 2.000 11.000 19.000 0.000 0.000 0.000 -0.745 0.476 -470.594 -7.309 0.039 26.680 383456.536
2019.000 9.000 2.000 11.000 20.000 0.000 0.000 0.000 0.522 0.487 -467.029 18.098 -9.233 27.262 414791.206
2019.000 9.000 2.000 11.000 21.000 0.000 0.000 0.000 1.667 0.646 -448.502 12.733 12.554 25.997 431590.180
2019.000 9.000 2.000 11.000 22.000 0.000 0.000 0.000 -0.372 -1.412 -458.481 -4.243 10.459 26.618 491054.716
2019.000 9.000 2.000 11.000 23.000 0.000 0.000 0.000 0.622 0.148 -419.810 18.084 -39.312 26.315 398252.596
2019.000 9.000 2.000 11.000 24.000 0.000 0.000 0.000 -0.781 0.955 -449.393 -7.539 -3.910 26.585 432875.406
2019.000 9.000 2.000 11.000 25.000 0.000 0.000 0.000 0.504 0.451 -468.841 10.352 -1.830 26.784 364753.139
2019.000 9.000 2.000 11.000 26.000 0.000 0.000 0.000 -1.398 -0.017 -459.886 -9.040 0.848 26.667 356569.030
2019.000 9.000 2.000 11.000 27.000 0.000 0.000 0.000 1.234 -0.433 -461.424 -23.121 11.647 27.048 291396.635
2019.000 9.000 2.000 11.000 28.000 0.000 0.000 0.000 -1.344 0.843 -461.031 -11.975 16.605 26.918 371587.401
2019.000 9.000 2.000 11.000 29.000 0.000 0.000 0.000 -1.588 -0.781 -438.925 -14.738 -19.875 27.323 546351.334
2019.000 9.000 2.000 11.000 30.000 0.000 0.000 0.000 0.639 -0.562 -459.244 9.526 40.646 26.815 450372.983
2019.000 9.000 2.000 11.000 31.000 0.000 0.000 0.000 -0.279 -0.011 -439.429 -13.195 19.923 25.541 416138.817
2019.000 9.000 2.000 11.000 32.000 0.000 0.000 0.000 2.766 -0.567 -461.044 10.115 -24.364 27.565 398732.331
2019.000 9.000 2.000 11.000 33.000 0.000 0.000 0.000 -1.136 -1.090 -459.347 1.648 4.794 26.869 315597.373
2019.000 9.000 2.000 11.000 34.000 0.000 0.000 0.000 1.605 -0.842 -454.275 -14.794 9.348 26.972 424308.898
2019.000 9.000 2.000 11.000 35.000 0.000 0.000 0.000 -0.011 -2.396 -459.271 13.112 1.183 26.813 291473.160
2019.000 9.000 2.000 11.000 36.000 0.000 0.000 0.000 0.033 1.133 -444.948 22.355 -5.203 27.086 454577.763
2019.000 9.000 2.000 11.000 37.000 0.000 0.000 0.000 0.423 0.607 -452.182 11.701 11.210 27.027 388430.010
2019.000 9.000 2.000 11.000 38.000 0.000 0.000 0.000 1.986 -1.705 -442.349 2.944 -7.596 27.946 397351.121
2019.000 9.000 2.000 11.000 39.000 0.000 0.000 0.000 1.444 -0.693 -429.733 21.971 -11.815 26.864 313219.480
2019.000 9.000 2.000 11.000 40.000 0.000 0.000 0.000 0.969 1.253 -432.971 -0.937 -0.631 26.927 345576.180
2019.000 9.000 2.000 11.000 41.000 0.000 0.000 0.000 -0.795 -0.862 -441.984 0.452 5.620 26.245 349973.110
2019.000 9.000 2.000 11.000 42.000 0.000 0.000 0.000 0.249 0.994 -456.490 29.108 9.777 27.197 405349.056
2019.000 9.000 2.000 11.000 43.000 0.000 0.000 0.000 0.747 0.525 -438.014 19.802 -17.023 26.322 374133.111
2019.000 9.000 2.000 11.000 44.000 0.000 0.000 0.000 -0.892 1.519 -460.889 10.215 8.914 27.465 459419.916
2019.000 9.000 2.000 11.000 45.000 0.000 0.000 0.000 1.107 0.219 -448.973 -9.750 22.892 26.085 501930.820
2019.000 9.000 2.000 11.000 46.000 0.000 0.000 0.000 -1.407 1.909 -418.264 -6.771 0.372 27.131 398358.806
2019.000 9.000 2.000 11.000 47.000 0.000 0.000 0.000 0.680 -0.311 -460.950 24.817 32.122 26.143 405055.962
2019.000 9.000 2.000 11.000 48.000 0.000 0.000 0.000 -1.847 2.226 -458.363 -19.064 7.847 27.152 327705.260
2019.000 9.000 2.000 11.000 49.000 0.000 0.000 0.000 2.629 -2.347 -466.187 17.051 6.759 25.744 391506.996
2019.000 9.000 2.000 11.000 50.000 0.000 0.000 0.000 4.589 -0.076 -427.582 14.986 18.231 27.466 378480.833
2019.000 9.000 2.000 11.000 51.000 0.000 0.000 0.000 2.066 2.241 -447.247 5.287 15.466 26.294 378061.566
2019.000 9.000 2.000 11.000 52.000 0.000 0.000 0.000 0.027 0.723 -418.377 19.306 -10.795 27.499 361788.596
2019.000 9.000 2.000 11.000 53.000 0.000 0.000 0.000 1.738 -2.664 -438.529 3.476 -8.374 27.939 437486.182
2019.000 9.000 2.000 11.000 54.000 0.000 0.000 0.000 0.227 0.745 -457.638 -7.318 10.732 27.399 466068.632
2019.000 9.000 2.000 11.000 55.000 0.000 0.000 0.000 -2.035 -0.271 -465.516 14.225 -19.199 27.483 356683.233
2019.000 9.000 2.000 11.000 56.000 0.000 0.000 0.000 -1.171 -0.212 -441.978 -25.867 -36.334 26.579 424785.658
2019.000 9.000 2.000 11.000 57.000 0.000 0.000 0.000 2.107 -2.392 -459.392 12.816 -6.999 26.837 317995.861
2019.000 9.000 2.000 11.000 58.000 0.000 0.000 0.000 0.197 0.222 -437.074 6.181 3.007 27.438 407670.571
2019.000 9.000 2.000 11.000 59.000 0.000 0.000 0.000 0.164 -1.092 -474.715 -22.640 -7.323 27.473 446306.233
2019.000 9.000 2.000 12.000 0.000 0.000 0.000 0.000 0.450 -1.262 -448.077 -14.886 14.822 27.099 495098.406
2019.000 9.000 2.000 12.000 1.000 0.000 0.000 0.000 1.552 -0.659 -437.184 1.847 5.056 27.310 410086.132
2019.000 9.000 2.000 12.000 2.000 0.000 0.000 0.000 -2.272 -0.585 -443.697 34.466 -3.585 26.815 388547.126
2019.000 9.000 2.000 12.000 3.000 0.000 0.000 0.000 0.006 -1.684 -436.166 -1.116 -1.079 27.047 311326.669
2019.000 9.000 2.000 12.000 4.000 0.000 0.000 0.000 -1.159 1.085 -470.592 4.870 30.407 26.954 434552.906
2019.000 9.000 2.000 12.000 5.000 0.000 0.000 0.000 -0.886 -1.342 -467.577 1.183 -5.790 26.443 439501.697
2019.000 9.000 2.000 12.000 6.000 0.000 0.000 0.000 -1.798 1.459 -455.339 -16.719 -6.072 27.186 350463.190
2019.000 9.000 2.000 12.000 7.000 0.000 0.000 0.000 0.090 -1.514 -421.370 18.285 15.465 25.932 404660.089
2019.000 9.000 2.000 12.000 8.000 0.000 0.000 0.000 0.151 2.790 -463.554 27.049 1.511 27.676 413116.873
2019.000 9.000 2.000 12.000 9.000 0.000 0.000 0.000 -2.016 -1.779 -460.197 6.628 5.571 25.899 385871.067
2019.000 9.000 2.000 12.000 10.000 0.000 0.000 0.000 0.556 0.588 -465.891 -16.779 -11.463 28.074 383927.136
2019.000 9.000 2.000 12.000 11.000 0.000 0.000 0.000 -2.160 1.536 -457.022 4.503 -11.471 26.751 367932.270
2019.000 9.000 2.000 12.000 12.000 0.000 0.000 0.000 0.019 -0.701 -438.087 -9.914 -5.760 25.787 524597.813
2019.000 9.000 2.000 12.000 13.000 0.000 0.000 0.000 -0.287 0.793 -443.984 -12.153 11.253 26.913 531037.660
2019.000 9.000 2.000 12.000 14.000 0.000 0.000 0.000 1.914 -4.045 -431.201 -12.361 18.397 26.635 426977.170
2019.000 9.000 2.000 12.000 15.000 0.000 0.000 0.000 -0.103 -0.063 -475.157 29.473 -5.613 27.558 494226.036
2019.000 9.000 2.000 12.000 16.000 0.000 0.000 0.000 1.729 -0.410 -442.718 -11.044 -6.637 26.873 342345.577
2019.000 9.000 2.000 12.000 17.000 0.000 0.000 0.000 0.280 2.144 -469.171 -26.905 44.569 26.812 334527.593
2019.000 9.000 2.000 12.000 18.000 0.000 0.000 0.000 -0.963 0.412 -440.258 6.242 18.389 26.829 459112.223
2019.000 9.000 2.000 12.000 19.000 0.000 0.000 0.000 -1.784 -0.708 -450.313 24.020 34.049 26.733 384706.514
2019.000 9.000 2.000 12.000 20.000 0.000 0.000 0.000 0.865 0.902 -457.589 4.779 -7.673 26.509 373037.496
2019.000 9.000 2.000 12.000 21.000 0.000 0.000 0.000 1.448 -1.204 -463.187 -2.488 27.953 27.178 366180.139
2019.000 9.000 2.000 12.000 22.000 0.000 0.000 0.000 2.479 0.799 -453.762 -9.601 9.118 27.782 360851.348
2019.000 9.000 2.000 12.000 23.000 0.000 0.000 0.000 0.041 0.686 -428.798 1.472 6.894 26.710 370164.924
2019.000 9.000 2.000 12.000 24.000 0.000 0.000 0.000 0.841 -0.991 -442.330 -8.127 -24.828 27.217 381004.932
2019.000 9.000 2.000 12.000 25.000 0.000 0.000 0.000 1.476 -3.095 -435.675 14.371 9.288 27.219 415126.279
2019.000 9.000 2.000 12.000 26.000 0.000 0.000 0.000 1.229 1.701 -445.014 -16.106 -10.036 26.935 564363.495
2019.000 9.000 2.000 12.000 27.000 0.000 0.000 0.000 -0.039 -0.207 -461.618 16.087 -1.264 26.862 342964.827
2019.000 9.000 2.000 12.000 28.000 0.000 0.000 0.000 0.558 0.274 -446.337 -19.391 -22.876 26.719 401662.384
2019.000 9.000 2.000 12.000 29.000 0.000 0.000 0.000 0.570 0.283 -435.221 0.834 13.207 27.212 432539.790
2019.000 9.000 2.000 12.000 30.000 0.000 0.000 0.000 -3.197 2.583 -458.230 -20.696 9.631 26.529 323354.725
2019.000 9.000 2.000 12.000 31.000 0.000 0.000 0.000 2.333 0.720 -434.582 -3.408 1.401 26.709 424038.499
2019.000 9.000 2.000 12.000 32.000 0.000 0.000 0.000 -2.709 0.648 -457.779 24.698 -26.234 26.765 384882.503
2019.000 9.000 2.000 12.000 33.000 0.000 0.000 0.000 -0.276 2.409 -448.417 -23.599 -21.053 26.464 473785.368
2019.000 9.000 2.000 12.000 34.000 0.000 0.000 0.000 0.395 -0.649 -456.463 2.449 2.351 26.987 296899.196
2019.000 9.000 2.000 12.000 35.000 0.000 0.000 0.000 2.268 0.050 -474.073 17.561 -0.416 26.142 343536.942
2019.000 9.000 2.000 12.000 36.000 0.000 0.000 0.000 -1.634 0.338 -452.686 17.137 -25.593 28.128 357175.511
2019.000 9.000 2.000 12.000 37.000 0.000 0.000 0.000 -0.192 1.224 -442.675 -4.813 -31.913 27.483 309410.315
2019.000 9.000 2.000 12.000 38.000 0.000 0.000 0.000 0.459 -3.870 -450.543 -6.252 20.406 26.970 357456.538
2019.000 9.000 2.000 12.000 39.000 0.000 0.000 0.000 1.764 0.884 -449.326 11.145 9.072 26.769 291469.715
2019.000 9.000 2.000 12.000 40.000 0.000 0.000 0.000 0.089 -0.640 -450.493 -7.789 11.556 26.980 367233.071
2019.000 9.000 2.000 12.000 41.000 0.000 0.000 0.000 1.011 -0.381 -457.573 -6.112 -3.711 27.226 497532.031
2019.000 9.000 2.000 12.000 42.000 0.000 0.000 0.000 1.135 -1.912 -427.835 -29.261 5.956 26.684 384656.759
2019.000 9.000 2.000 12.000 43.000 0.000 0.000 0.000 0.149 0.528 -469.942 -6.949 -15.218 26.744 396746.774
2019.000 9.000 2.000 12.000 44.000 0.000 0.000 0.000 -0.070 -0.325 -468.569 2.128 26.902 27.629 280533.069
2019.000 9.000 2.000 12.000 45.000 0.000 0.000 0.000 -0.287 0.787 -453.377 -3.200 5.695 26.581 364799.444
2019.000 9.000 2.000 12.000 46.000 0.000 0.000 0.000 0.239 -2.669 -451.951 1.861 -26.995 27.842 251876.605
2019.000 9.000 2.000 12.000 47.000 0.000 0.000 0.000 0.178 1.603 -439.453 2.163 26.992 26.296 416615.864
2019.000 9.000 2.000 12.000 48.000 0.000 0.000 0.000 -0.645 -0.108 -448.194 -11.198 -11.559 26.748 398684.844
2019.000 9.000 2.000 12.000 49.000 0.000 0.000 0.000 -1.598 -2.283 -457.744 -0.679 18.201 26.017 390191.338
2019.000 9.000 2.000 12.000 50.000 0.000 0.000 0.000 -1.197 0.307 -409.098 -19.070 -26.487 27.243 369819.460
2019.000 9.000 2.000 12.000 51.000 0.000 0.000 0.000 -0.596 -0.511 -455.236 10.641 -4.699 26.687 200000.000
2019.000 9.000 2.000 12.000 52.000 0.000 0.000 0.000 -1.078 -1.095 -456.345 -0.265 -1.657 27.312 361512.121
2019.000 9.000 2.000 12.000 53.000 0.000 0.000 0.000 1.343 2.193 -443.968 4.788 8.318 27.222 449692.536
2019.000 9.000 2.000 12.000 54.000 0.000 0.000 0.000 -0.973 -0.489 -463.241 6.484 -5.869 27.260 488433.074
2019.000 9.000 2.000 12.000 55.000 0.000 0.000 0.000 0.305 -1.360 -449.649 3.251 8.485 26.614 313494.514
2019.000 9.000 2.000 12.000 56.000 0.000 0.000 0.000 2.458 -1.266 -472.212 3.501 -29.166 27.190 368449.919
2019.000 9.000 2.000 12.000 57.000 0.000 0.000 0.000 -0.558 -0.535 -423.309 -0.543 3.784 26.147 305103.909
2019.000 9.000 2.000 12.000 58.000 0.000 0.000 0.000 1.012 0.025 -429.162 26.474 -7.278 26.764 423222.870
2019.000 9.000 2.000 12.000 59.000 0.000 0.000 0.000 -0.271 -0.138 -435.610 -7.276 -6.025 26.303 412366.482
2019.000 9.000 2.000 13.000 0.000 0.000 0.000 0.000 1.913 0.140 -461.693 7.323 -19.172 27.112 465849.720
2019.000 9.000 2.000 13.000 1.000 0.000 0.000 0.000 -1.962 1.299 -455.833 20.887 -40.607 27.073 370152.991
2019.000 9.000 2.000 13.000 2.000 0.000 0.000 0.000 1.023 -0.311 -462.788 13.328 -7.789 26.863 397077.346
2019.000 9.000 2.000 13.000 3.000 0.000 0.000 0.000 -0.135 -1.097 -425.724 -1.602 13.669 28.033 427856.272
2019.000 9.000 2.000 13.000 4.000 0.000 0.000 0.000 1.690 -2.045 -462.717 17.296 -8.063 27.233 419850.188
2019.000 9.000 2.000 13.000 5.000 0.000 0.000 0.000 1.537 0.836 -452.296 -17.130 9.045 26.843 366048.722
2019.000 9.000 2.000 13.000 6.000 0.000 0.000 0.000 -1.063 2.006 -434.447 -13.395 -0.252 26.941 546473.696
2019.000 9.000 2.000 13.000 7.000 0.000 0.000 0.000 -2.031 -1.056 -459.106 15.815 -4.541 27.459 477613.957
2019.000 9.000 2.000 13.000 8.000 0.000 0.000 0.000 0.648 2.020 -443.374 15.744 3.287 26.822 487479.414
2019.000 9.000 2.000 13.000 9.000 0.000 0.000 0.000 1.522 -1.215 -443.730 -13.425 -10.434 27.630 347211.727
2019.000 9.000 2.000 13.000 10.000 0.000 0.000 0.000 0.396 1.161 -460.516 -12.669 -18.513 25.821 265969.677
2019.000 9.000 2.000 13.000 11.000 0.000 0.000 0.000 0.265 -0.693 -438.202 19.798 1.314 25.795 338207.919
2019.000 9.000 2.000 13.000 12.000 0.000 0.000 0.000 0.791 -1.511 -463.328 -5.483 -11.162 27.101 212234.223
2019.000 9.000 2.000 13.000 13.000 0.000 0.000 0.000 0.658 0.452 -481.316 7.491 9.689 27.982 339469.890
2019.000 9.000 2.000 13.000 14.000 0.000 0.000 0.000 0.625 0.199 -467.251 25.670 19.937 26.757 401112.684
2019.000 9.000 2.000 13.000 15.000 0.000 0.000 0.000 1.040 -1.628 -476.384 13.952 2.792 27.047 489048.083
2019.000 9.000 2.000 13.000 16.000 0.000 0.000 0.000 -0.423 0.210 -463.568 -25.428 -1.904 26.630 301341.882
2019.000 9.000 2.000 13.000 17.000 0.000 0.000 0.000 -4.048 -0.071 -458.437 -4.353 27.241 26.382 390235.742
2019.000 9.000 2.000 13.000 18.000 0.000 0.000 0.000 0.246 -1.440 -459.967 -7.224 2.730 27.617 336549.164
2019.000 9.000 2.000 13.000 19.000 0.000 0.000 0.000 -1.622 -1.373 -437.689 11.712 0.577 26.989 415093.425
2019.000 9.000 2.000 13.000 20.000 0.000 0.000 0.000 0.875 0.712 -435.919 11.394 -13.424 26.754 386886.511
2019.000 9.000 2.000 13.000 21.000 0.000 0.000 0.000 0.863 -1.012 -445.742 -27.568 12.477 26.722 372499.720
2019.000 9.000 2.000 13.000 22.000 0.000 0.000 0.000 -0.215 0.550 -443.004 -2.609 3.215 26.541 296215.840
2019.000 9.000 2.000 13.000 23.000 0.000 0.000 0.000 0.408 -2.131 -470.341 -3.267 23.400 27.203 467898.516
2019.000 9.000 2.000 13.000 24.000 0.000 0.000 0.000 -0.372 -0.593 -443.452 4.272 12.029 27.667 356374.856
2019.000 9.000 2.000 13.000 25.000 0.000 0.000 0.000 2.906 1.722 -470.040 15.958 8.277 27.613 334571.405
2019.000 9.000 2.000 13.000 26.000 0.000 0.000 0.000 -3.436 1.660 -444.213 9.151 6.357 26.753 410904.440
2019.000 9.000 2.000 13.000 27.000 0.000 0.000 0.000 1.102 0.092 -423.111 12.850 -33.346 26.629 333708.738
2019.000 9.000 2.000 13.000 28.000 0.000 0.000 0.000 0.978 -1.557 -458.328 9.750 -29.764 26.479 401478.326
2019.000 9.000 2.000 13.000 29.000 0.000 0.000 0.000 0.837 -3.332 -472.440 13.244 3.862 26.740 481343.478
2019.000 9.000 2.000 13.000 30.000 0.000 0.000 0.000 0.712 1.772 -444.535 -4.484 4.258 27.076 380429.608
2019.000 9.000 2.000 13.000 31.000 0.000 0.000 0.000 0.185 2.354 -457.135 -31.456 -9.050 27.233 315838.104
2019.000 9.000 2.000 13.000 32.000 0.000 0.000 0.000 -0.953 0.184 -452.625 -29.193 -3.236 26.921 372383.775
2019.000 9.000 2.000 13.000 33.000 0.000 0.000 0.000 -3.995 0.797 -435.531 -6.589 0.760 27.391 432737.197
2019.000 9.000 2.000 13.000 34.000 0.000 0.000 0.000 -1.130 -1.687 -455.881 -2.261 -19.025 27.183 356803.089
2019.000 9.000 2.000 13.000 35.000 0.000 0.000 0.000 1.178 -0.116 -458.390 3.450 -8.617 27.260 377818.835
2019.000 9.000 2.000 13.000 36.000 0.000 0.000 0.000 1.502 1.226 -433.457 -11.622 1.936 26.941 393465.265
2019.000 9.000 2.000 13.000 37.000 0.000 0.000 0.000 0.011 0.967 -456.942 3.387 21.134 27.631 426295.618
2019.000 9.000 2.000 13.000 38.000 0.000 0.000 0.000 -0.217 -0.830 -426.069 -2.630 -7.813 27.570 358009.209
2019.000 9.000 2.000 13.000 39.000 0.000 0.000 0.000 -1.997 -2.146 -443.081 3.583 -35.265 26.943 338873.050
2019.000 9.000 2.000 13.000 40.000 0.000 0.000 0.000 -2.719 -0.533 -430.669 1.419 -12.445 27.364 340837.247
2019.000 9.000 2.000 13.000 41.000 0.000 0.000 0.000 0.337 -0.802 -465.235 -13.717 -18.840 28.220 527287.592
2019.000 9.000 2.000 13.000 42.000 0.000 0.000 0.000 2.075 -0.034 -450.966 -1.527 -29.156 27.473 426781.648
2019.000 9.000 2.000 13.000 43.000 0.000 0.000 0.000 2.116 -2.015 -411.470 -17.712 14.285 26.855 296796.083
2019.000 9.000 2.000 13.000 44.000 0.000 0.000 0.000 0.254 1.875 -441.874 -21.922 26.015 26.060 535453.061
2019.000 9.000 2.000 13.000 45.000 0.000 0.000 0.000 0.646 3.357 -457.170 -6.039 21.462 26.642 339991.483
2019.000 9.000 2.000 13.000 46.000 0.000 0.000 0.000 -1.273 -0.515 -441.899 -0.149 -32.409 27.090 305211.309
2019.000 9.000 2.000 13.000 47.000 0.000 0.000 0.000 3.076 -1.639 -447.223 -13.662 -1.087 27.135 410974.539
2019.000 9.000 2.000 13.000 48.000 0.000 0.000 0.000 1.221 -2.101 -446.757 -1.670 -10.057 28.027 427839.641
2019.000 9.000 2.000 13.000 49.000 0.000 0.000 0.000 0.334 0.504 -454.611 -4.009 0.034 25.150 338993.691
2019.000 9.000 2.000 13.000 50.000 0.000 0.000 0.000 -2.134 -1.499 -457.082 -6.743 -28.314 27.581 412196.298
2019.000 9.000 2.000 13.000 51.000 0.000 0.000 0.000 -1.316 0.999 -449.208 6.228 12.783 26.486 406568.546
2019.000 9.000 2.000 13.000 52.000 0.000 0.000 0.000 -0.841 0.612 -421.879 -5.879 0.574 25.849 394132.272
2019.000 9.000 2.000 13.000 53.000 0.000 0.000 0.000 -1.046 -0.827 -459.387 16.658 -5.737 27.040 374959.632
2019.000 9.000 2.000 13.000 54.000 0.000 0.000 0.000 -0.047 2.025 -446.665 10.756 -7.209 26.720 377126.994
2019.000 9.000 2.000 13.000 55.000 0.000 0.000 0.000 -1.361 -0.603 -447.366 -5.638 -10.727 26.291 450438.505
2019.000 9.000 2.000 13.000 56.000 0.000 0.000 0.000 0.925 0.333 -439.910 -14.757 1.555 27.202 316182.717
2019.000 9.000 2.000 13.000 57.000 0.000 0.000 0.000 -0.039 0.782 -457.515 35.625 0.328 27.016 381951.105
2019.000 9.000 2.000 13.000 58.000 0.000 0.000 0.000 0.591 2.656 -462.884 1.328 8.841 26.462 383154.018
2019.000 9.000 2.000 13.000 59.000 0.000 0.000 0.000 0.246 -0.085 -431.040 25.186 1.079 28.294 333637.745
2019.000 9.000 2.000 14.000 0.000 0.000 0.000 0.000 -1.139 -1.616 -427.272 13.024 2.458 25.962 432605.783
2019.000 9.000 2.000 14.000 1.000 0.000 0.000 0.000 0.497 -0.939 -440.053 -5.212 20.442 26.928 308371.224
2019.000 9.000 2.000 14.000 2.000 0.000 0.000 0.000 -0.534 -1.002 -462.984 9.883 29.206 27.573 327655.261
2019.000 9.000 2.000 14.000 3.000 0.000 0.000 0.000 -2.113 0.084 -452.993 2.555 3.820 27.735 298541.956
2019.000 9.000 2.000 14.000 4.000 0.000 0.000 0.000 -3.077 0.041 -445.129 -26.377 4.415 27.473 404036.561
2019.000 9.000 2.000 14.000 5.000 0.000 0.000 0.000 -0.621 0.165 -447.206 -0.830 -24.731 26.987 377268.256
2019.000 9.000 2.000 14.000 6.000 0.000 0.000 0.000 2.357 -2.406 -428.063 -13.155 -2.852 27.163 485724.909
2019.000 9.000 2.000 14.000 7.000 0.000 0.000 0.000 -0.114 0.318 -436.758 26.465 13.388 26.631 315964.792
