
#COORDINATES
GSM

#POSITION
0.0
0.0
 
#START
2019.000 9.000 2.000 2.000 8.000 0.000 0.000 0.000 3.023 0.481 -441.127 5.763 12.688 26.888 505769.667
2019.000 9.000 2.000 2.000 9.000 0.000 0.000 0.000 -0.453 2.587 -419.151 14.176 1.038 28.352 452377.423
2019.000 9.000 2.000 2.000 10.000 0.000 0.000 0.000 1.603 0.967 -448.563 -13.099 9.076 27.032 339521.902
2019.000 9.000 2.000 2.000 11.000 0.000 0.000 0.000 -1.674 -4.001 -439.041 20.320 -30.254 26.479 363677.359
2019.000 9.000 2.000 2.000 12.000 0.000 0.000 0.000 -0.209 0.021 -472.899 -5.539 8.034 27.048 437242.530
2019.000 9.000 2.000 2.000 13.000 0.000 0.000 0.000 -3.910 0.509 -436.778 -22.651 -4.672 26.973 451134.711
2019.000 9.000 2.000 2.000 14.000 0.000 0.000 0.000 1.525 -0.559 -456.361 -29.860 -12.542 26.541 378079.007
2019.000 9.000 2.000 2.000 15.000 0.000 0.000 0.000 -0.299 -2.302 -436.302 12.532 -16.798 26.373 200000.000
2019.000 9.000 2.000 2.000 16.000 0.000 0.000 0.000 -0.652 0.805 -453.975 -8.269 -6.849 26.921 409291.700
2019.000 9.000 2.000 2.000 17.000 0.000 0.000 0.000 3.429 0.218 -482.706 -19.271 -13.724 26.867 374336.244
2019.000 9.000 2.000 2.000 18.000 0.000 0.000 0.000 -0.247 1.732 -433.552 15.284 -1.036 26.023 433869.596
2019.000 9.000 2.000 2.000 19.000 0.000 0.000 0.000 -0.059 0.527 -440.231 -6.055 -28.043 26.213 362971.669
2019.000 9.000 2.000 2.000 20.000 0.000 0.000 0.000 -0.307 -3.092 -445.083 -17.317 -0.829 27.471 384125.043
2019.000 9.000 2.000 2.000 21.000 0.000 0.000 0.000 -3.016 -0.319 -470.656 -0.052 -5.533 25.952 462618.830
2019.000 9.000 2.000 2.000 22.000 0.000 0.000 0.000 -0.649 -0.644 -422.329 9.571 20.754 27.597 381012.498
2019.000 9.000 2.000 2.000 23.000 0.000 0.000 0.000 0.635 -0.962 -476.317 21.866 -4.637 26.787 333398.571
2019.000 9.000 2.000 2.000 24.000 0.000 0.000 0.000 0.293 1.443 -454.595 -0.452 -4.847 26.617 428530.669
2019.000 9.000 2.000 2.000 25.000 0.000 0.000 0.000 0.952 0.512 -444.080 -16.349 -9.204 27.134 496106.035
2019.000 9.000 2.000 2.000 26.000 0.000 0.000 0.000 0.616 -0.690 -429.716 5.679 14.534 27.285 466806.853
2019.000 9.000 2.000 2.000 27.000 0.000 0.000 0.000 -1.472 -1.106 -447.129 -0.151 0.169 26.129 522687.373
2019.000 9.000 2.000 2.000 28.000 0.000 0.000 0.000 -2.672 0.443 -455.496 23.840 -1.599 28.049 432031.843
2019.000 9.000 2.000 2.000 29.000 0.000 0.000 0.000 1.213 -1.239 -457.348 8.714 0.688 26.213 487531.668
2019.000 9.000 2.000 2.000 30.000 0.000 0.000 0.000 1.982 -2.830 -455.932 -18.698 -11.937 26.025 309456.849
2019.000 9.000 2.000 2.000 31.000 0.000 0.000 0.000 1.913 0.404 -459.886 12.849 27.649 27.007 450126.162
2019.000 9.000 2.000 2.000 32.000 0.000 0.000 0.000 1.743 -0.251 -447.767 9.076 6.271 27.980 353562.704
2019.000 9.000 2.000 2.000 33.000 0.000 0.000 0.000 -1.364 -0.612 -409.047 -5.730 42.970 26.834 445059.566
2019.000 9.000 2.000 2.000 34.000 0.000 0.000 0.000 -1.773 0.573 -473.437 -6.335 31.658 26.973 376614.452
2019.000 9.000 2.000 2.000 35.000 0.000 0.000 0.000 0.040 0.581 -444.996 28.097 10.708 26.967 432211.560
2019.000 9.000 2.000 2.000 36.000 0.000 0.000 0.000 1.515 -2.896 -438.491 18.083 8.539 26.841 473351.030
2019.000 9.000 2.000 2.000 37.000 0.000 0.000 0.000 1.036 -1.241 -431.777 9.830 23.532 27.373 272461.359
2019.000 9.000 2.000 2.000 38.000 0.000 0.000 0.000 -0.485 -0.597 -456.330 2.872 11.124 27.043 473939.584
2019.000 9.000 2.000 2.000 39.000 0.000 0.000 0.000 -0.806 -0.852 -431.381 -24.034 1.792 26.959 505987.873
2019.000 9.000 2.000 2.000 40.000 0.000 0.000 0.000 2.670 -0.906 -455.770 18.385 -8.237 26.382 382048.861
2019.000 9.000 2.000 2.000 41.000 0.000 0.000 0.000 1.522 -0.930 -447.405 -9.158 5.838 27.184 379152.264
2019.000 9.000 2.000 2.000 42.000 0.000 0.000 0.000 -1.053 2.218 -452.893 -13.101 -0.465 26.431 379225.299
2019.000 9.000 2.000 2.000 43.000 0.000 0.000 0.000 -0.437 -3.439 -429.226 9.730 22.287 27.496 339787.940
2019.000 9.000 2.000 2.000 44.000 0.000 0.000 0.000 1.509 -0.135 -450.817 -3.526 4.359 26.636 512612.763
2019.000 9.000 2.000 2.000 45.000 0.000 0.000 0.000 1.845 0.205 -412.005 -0.548 -15.901 28.288 275031.411
2019.000 9.000 2.000 2.000 46.000 0.000 0.000 0.000 1.639 -3.017 -439.759 -11.489 11.425 27.817 409194.353
2019.000 9.000 2.000 2.000 47.000 0.000 0.000 0.000 -2.312 0.680 -444.464 -2.508 11.040 26.923 353635.647
2019.000 9.000 2.000 2.000 48.000 0.000 0.000 0.000 0.841 -2.927 -442.406 0.902 -3.424 28.551 330573.955
2019.000 9.000 2.000 2.000 49.000 0.000 0.000 0.000 -0.712 0.594 -480.187 -12.691 22.234 26.776 407353.099
2019.000 9.000 2.000 2.000 50.000 0.000 0.000 0.000 -2.088 0.269 -438.282 -24.022 -6.754 27.134 405356.081
2019.000 9.000 2.000 2.000 51.000 0.000 0.000 0.000 0.489 0.954 -452.433 -0.468 16.090 26.617 492150.512
2019.000 9.000 2.000 2.000 52.000 0.000 0.000 0.000 0.582 2.280 -458.270 9.019 -19.700 28.101 405489.423
2019.000 9.000 2.000 2.000 53.000 0.000 0.000 0.000 -2.443 -0.408 -492.337 -11.965 -41.174 26.987 485539.322
2019.000 9.000 2.000 2.000 54.000 0.000 0.000 0.000 -1.019 1.557 -456.830 -29.867 -5.722 27.247 443196.375
2019.000 9.000 2.000 2.000 55.000 0.000 0.000 0.000 2.200 -1.625 -453.616 4.499 -6.311 26.953 551364.115
2019.000 9.000 2.000 2.000 56.000 0.000 0.000 0.000 2.670 1.148 -444.358 8.725 10.695 26.495 224918.924
2019.000 9.000 2.000 2.000 57.000 0.000 0.000 0.000 -0.498 -1.151 -418.536 -13.242 -11.039 26.232 371022.013
2019.000 9.000 2.000 2.000 58.000 0.000 0.000 0.000 -1.229 0.934 -446.786 -2.042 -15.097 27.374 396479.675
2019.000 9.000 2.000 2.000 59.000 0.000 0.000 0.000 2.232 2.484 -472.238 12.094 -26.319 27.533 347514.215
2019.000 9.000 2.000 3.000 0.000 0.000 0.000 0.000 -0.619 2.007 -447.016 -20.694 1.859 26.233 309444.350
2019.000 9.000 2.000 3.000 1.000 0.000 0.000 0.000 1.833 0.827 -416.492 7.115 -8.889 26.912 450406.119
2019.000 9.000 2.000 3.000 2.000 0.000 0.000 0.000 -1.700 -0.547 -449.545 -13.949 -17.816 27.180 461494.106
2019.000 9.000 2.000 3.000 3.000 0.000 0.000 0.000 0.699 -1.625 -467.239 -14.703 15.765 27.117 490316.840
2019.000 9.000 2.000 3.000 4.000 0.000 0.000 0.000 0.378 -0.851 -468.488 -14.411 7.090 27.484 374418.407
2019.000 9.000 2.000 3.000 5.000 0.000 0.000 0.000 2.213 2.072 -455.432 -7.232 -17.540 26.161 345395.360
2019.000 9.000 2.000 3.000 6.000 0.000 0.000 0.000 -2.017 -0.359 -483.249 -5.774 8.865 26.863 555322.324
2019.000 9.000 2.000 3.000 7.000 0.000 0.000 0.000 -0.073 -1.261 -463.682 -19.084 -2.013 27.421 328102.361
2019.000 9.000 2.000 3.000 8.000 0.000 0.000 0.000 0.145 0.652 -460.123 3.823 4.043 27.228 389761.054
2019.000 9.000 2.000 3.000 9.000 0.000 0.000 0.000 1.006 1.181 -431.705 -3.511 -6.101 27.388 480969.760
2019.000 9.000 2.000 3.000 10.000 0.000 0.000 0.000 -2.333 2.128 -441.286 0.427 -7.873 26.441 257576.756
2019.000 9.000 2.000 3.000 11.000 0.000 0.000 0.000 1.122 0.554 -447.484 -22.291 14.554 27.158 435615.281
2019.000 9.000 2.000 3.000 12.000 0.000 0.000 0.000 1.759 0.058 -439.438 0.666 -14.740 26.608 399365.245
2019.000 9.000 2.000 3.000 13.000 0.000 0.000 0.000 -1.604 2.276 -460.686 -1.241 13.766 27.513 519457.292
2019.000 9.000 2.000 3.000 14.000 0.000 0.000 0.000 1.134 0.024 -459.749 -2.759 -3.037 27.002 332015.442
2019.000 9.000 2.000 3.000 15.000 0.000 0.000 0.000 -0.881 -0.117 -444.087 15.975 0.902 26.470 394726.245
2019.000 9.000 2.000 3.000 16.000 0.000 0.000 0.000 -0.884 0.893 -421.844 -3.615 -11.627 25.857 381957.367
2019.000 9.000 2.000 3.000 17.000 0.000 0.000 0.000 -2.968 0.115 -450.453 -16.101 8.206 26.506 299625.859
2019.000 9.000 2.000 3.000 18.000 0.000 0.000 0.000 1.554 0.383 -455.896 -29.118 12.955 26.611 383049.177
2019.000 9.000 2.000 3.000 19.000 0.000 0.000 0.000 2.035 -1.428 -442.861 1.165 -31.972 27.027 252466.449
2019.000 9.000 2.000 3.000 20.000 0.000 0.000 0.000 -2.421 -0.030 -433.530 10.994 -9.751 26.719 358338.325
2019.000 9.000 2.000 3.000 21.000 0.000 0.000 0.000 1.353 -0.530 -455.582 36.420 -27.963 27.436 440116.736
2019.000 9.000 2.000 3.000 22.000 0.000 0.000 0.000 0.294 -2.900 -445.742 21.250 -12.747 26.063 324338.941
2019.000 9.000 2.000 3.000 23.000 0.000 0.000 0.000 0.798 -0.007 -454.782 -19.413 2.757 27.891 308753.249
2019.000 9.000 2.000 3.000 24.000 0.000 0.000 0.000 0.304 -0.877 -444.067 -4.154 -1.886 27.115 348676.229
2019.000 9.000 2.000 3.000 25.000 0.000 0.000 0.000 2.087 0.121 -471.665 -16.209 -5.424 26.708 521475.800
2019.000 9.000 2.000 3.000 26.000 0.000 0.000 0.000 0.860 -1.589 -444.853 -11.775 23.689 27.216 368070.509
2019.000 9.000 2.000 3.000 27.000 0.000 0.000 0.000 -0.514 0.184 -418.250 22.239 5.105 27.559 289901.552
2019.000 9.000 2.000 3.000 28.000 0.000 0.000 0.000 0.689 0.929 -471.780 -6.473 -1.446 26.411 564248.459
2019.000 9.000 2.000 3.000 29.000 0.000 0.000 0.000 2.700 0.434 -475.210 19.344 4.629 26.127 337362.733
2019.000 9.000 2.000 3.000 30.000 0.000 0.000 0.000 1.288 2.217 -449.345 -19.889 11.515 27.404 244935.246
2019.000 9.000 2.000 3.000 31.000 0.000 0.000 0.000 0.212 -0.307 -446.657 -23.023 5.347 27.863 559545.204
2019.000 9.000 2.000 3.000 32.000 0.000 0.000 0.000 0.245 1.929 -453.196 -26.196 27.958 26.742 333779.416
2019.000 9.000 2.000 3.000 33.000 0.000 0.000 0.000 0.546 -2.377 -450.393 21.112 1.838 26.692 331496.643
2019.000 9.000 2.000 3.000 34.000 0.000 0.000 0.000 0.024 2.379 -453.196 -4.137 2.326 27.622 422749.538
2019.000 9.000 2.000 3.000 35.000 0.000 0.000 0.000 0.964 -0.591 -470.455 1.250 -23.923 27.223 453329.091
2019.000 9.000 2.000 3.000 36.000 0.000 0.000 0.000 -0.871 0.262 -429.335 4.985 9.350 27.500 327361.993
2019.000 9.000 2.000 3.000 37.000 0.000 0.000 0.000 0.210 0.330 -440.392 -5.372 -15.920 26.893 405411.213
2019.000 9.000 2.000 3.000 38.000 0.000 0.000 0.000 0.257 1.709 -442.824 -10.285 -7.803 25.906 365482.013
2019.000 9.000 2.000 3.000 39.000 0.000 0.000 0.000 -0.921 -0.889 -458.380 -21.835 16.212 26.224 402972.324
2019.000 9.000 2.000 3.000 40.000 0.000 0.000 0.000 0.112 -1.141 -444.385 14.500 -11.672 26.769 231075.816
2019.000 9.000 2.000 3.000 41.000 0.000 0.000 0.000 -1.910 1.479 -465.575 -10.408 -1.881 26.851 441680.631
2019.000 9.000 2.000 3.000 42.000 0.000 0.000 0.000 1.735 -1.558 -419.745 -15.331 -22.687 27.880 439402.766
2019.000 9.000 2.000 3.000 43.000 0.000 0.000 0.000 -0.312 -0.079 -429.648 -16.951 29.200 26.242 424483.176
2019.000 9.000 2.000 3.000 44.000 0.000 0.000 0.000 -0.095 -0.143 -454.040 18.684 6.789 27.493 277120.995
2019.000 9.000 2.000 3.000 45.000 0.000 0.000 0.000 0.540 -0.935 -439.809 -15.816 -19.055 26.374 297181.405
2019.000 9.000 2.000 3.000 46.000 0.000 0.000 0.000 0.093 -2.246 -475.145 4.859 -18.403 27.121 368502.664
2019.000 9.000 2.000 3.000 47.000 0.000 0.000 0.000 -0.676 2.158 -468.956 5.214 9.739 27.558 428460.390
2019.000 9.000 2.000 3.000 48.000 0.000 0.000 0.000 -0.503 -3.111 -440.220 -9.142 2.887 26.972 359936.147
2019.000 9.000 2.000 3.000 49.000 0.000 0.000 0.000 -1.161 2.319 -451.441 12.890 -2.478 26.836 422603.221
2019.000 9.000 2.000 3.000 50.000 0.000 0.000 0.000 -0.578 0.511 -437.474 -7.417 17.173 26.688 263104.335
2019.000 9.000 2.000 3.000 51.000 0.000 0.000 0.000 0.994 -2.726 -466.113 6.803 -0.317 26.978 387293.955
2019.000 9.000 2.000 3.000 52.000 0.000 0.000 0.000 0.395 -1.546 -457.685 19.231 3.482 27.039 317833.547
2019.000 9.000 2.000 3.000 53.000 0.000 0.000 0.000 -3.166 0.907 -424.709 5.812 -2.960 26.963 492557.164
2019.000 9.000 2.000 3.000 54.000 0.000 0.000 0.000 0.884 -1.257 -471.096 22.980 -9.048 27.892 409843.080
2019.000 9.000 2.000 3.000 55.000 0.000 0.000 0.000 -0.939 1.567 -474.083 10.657 -12.727 27.167 452895.562
2019.000 9.000 2.000 3.000 56.000 0.000 0.000 0.000 1.881 -0.430 -440.083 5.420 -27.585 26.526 494113.403
2019.000 9.000 2.000 3.000 57.000 0.000 0.000 0.000 2.410 0.854 -437.176 9.877 13.432 27.382 338750.578
2019.000 9.000 2.000 3.000 58.000 0.000 0.000 0.000 0.346 -2.124 -455.507 -17.041 -16.567 25.638 437645.914
2019.000 9.000 2.000 3.000 59.000 0.000 0.000 0.000 -1.654 -1.619 -473.906 9.757 21.507 26.078 302407.709
2019.000 9.000 2.000 4.000 0.000 0.000 0.000 0.000 0.962 0.428 -439.786 -10.095 10.157 26.308 430022.465
2019.000 9.000 2.000 4.000 1.000 0.000 0.000 0.000 -1.037 -2.097 -448.872 -6.547 10.015 26.235 367815.717
2019.000 9.000 2.000 4.000 2.000 0.000 0.000 0.000 2.092 -0.878 -449.249 0.011 11.127 27.414 448779.033
2019.000 9.000 2.000 4.000 3.000 0.000 0.000 0.000 0.681 0.014 -460.701 15.842 6.004 26.446 400764.756
2019.000 9.000 2.000 4.000 4.000 0.000 0.000 0.000 2.015 -0.168 -450.611 -6.089 -5.351 26.554 337516.864
2019.000 9.000 2.000 4.000 5.000 0.000 0.000 0.000 -1.411 3.151 -432.028 -20.980 6.942 26.291 339731.936
2019.000 9.000 2.000 4.000 6.000 0.000 0.000 0.000 -1.669 -0.503 -448.472 -22.163 5.025 26.433 387451.499
2019.000 9.000 2.000 4.000 7.000 0.000 0.000 0.000 -0.002 -1.277 -440.899 -8.230 -13.667 26.495 412444.578
2019.000 9.000 2.000 4.000 8.000 0.000 0.000 0.000 1.492 1.282 -422.425 -8.394 9.674 26.434 387714.705
2019.000 9.000 2.000 4.000 9.000 0.000 0.000 0.000 2.388 -0.454 -425.325 14.541 2.303 26.502 452669.558
2019.000 9.000 2.000 4.000 10.000 0.000 0.000 0.000 -0.871 -0.348 -448.689 1.371 8.223 27.977 433300.302
2019.000 9.000 2.000 4.000 11.000 0.000 0.000 0.000 0.218 -2.489 -442.122 6.970 1.300 27.394 338216.391
2019.000 9.000 2.000 4.000 12.000 0.000 0.000 0.000 -0.133 -0.904 -449.740 7.079 0.215 26.081 317166.007
2019.000 9.000 2.000 4.000 13.000 0.000 0.000 0.000 -1.942 0.068 -448.507 -33.864 4.979 26.803 268976.403
2019.000 9.000 2.000 4.000 14.000 0.000 0.000 0.000 0.099 3.338 -449.524 6.572 -18.273 26.227 405521.331
2019.000 9.000 2.000 4.000 15.000 0.000 0.000 0.000 -1.455 1.607 -446.927 -16.175 -1.526 26.337 333878.164
2019.000 9.000 2.000 4.000 16.000 0.000 0.000 0.000 0.958 0.024 -449.718 24.877 -12.452 26.185 350490.423
2019.000 9.000 2.000 4.000 17.000 0.000 0.000 0.000 -0.153 0.052 -442.443 -27.984 9.686 26.698 382282.504
2019.000 9.000 2.000 4.000 18.000 0.000 0.000 0.000 -2.539 -0.161 -447.771 -6.185 5.039 26.651 369794.589
2019.000 9.000 2.000 4.000 19.000 0.000 0.000 0.000 -1.145 0.547 -432.161 -17.091 -4.538 27.462 472197.297
2019.000 9.000 2.000 4.000 20.000 0.000 0.000 0.000 0.764 -0.679 -443.272 27.930 13.012 26.921 410910.433
2019.000 9.000 2.000 4.000 21.000 0.000 0.000 0.000 -0.709 4.111 -428.389 -18.248 3.905 27.591 370830.915
2019.000 9.000 2.000 4.000 22.000 0.000 0.000 0.000 0.639 -2.110 -461.037 -18.471 12.644 27.338 384468.465
2019.000 9.000 2.000 4.000 23.000 0.000 0.000 0.000 -1.321 -2.050 -436.511 -6.896 -13.928 28.042 299218.459
2019.000 9.000 2.000 4.000 24.000 0.000 0.000 0.000 -0.623 1.381 -470.981 -3.073 -12.593 26.558 394730.959
2019.000 9.000 2.000 4.000 25.000 0.000 0.000 0.000 -0.164 -0.011 -433.673 -2.674 13.907 26.894 379843.594
2019.000 9.000 2.000 4.000 26.000 0.000 0.000 0.000 -0.271 0.468 -463.601 0.214 6.493 27.508 469125.193
2019.000 9.000 2.000 4.000 27.000 0.000 0.000 0.000 -2.803 0.563 -433.376 -20.785 -10.964 26.849 347025.073
2019.000 9.000 2.000 4.000 28.000 0.000 0.000 0.000 3.224 1.613 -436.372 17.701 3.316 27.145 502955.133
2019.000 9.000 2.000 4.000 29.000 0.000 0.000 0.000 -1.218 1.147 -432.546 10.653 -3.679 26.675 304175.177
2019.000 9.000 2.000 4.000 30.000 0.000 0.000 0.000 -2.124 -1.703 -435.226 -5.835 23.013 26.909 331204.944
2019.000 9.000 2.000 4.000 31.000 0.000 0.000 0.000 1.120 1.603 -454.328 -13.424 10.681 26.438 366024.631
2019.000 9.000 2.000 4.000 32.000 0.000 0.000 0.000 -1.040 1.749 -435.306 12.741 4.650 26.246 404815.276
2019.000 9.000 2.000 4.000 33.000 0.000 0.000 0.000 0.892 -0.348 -459.239 11.983 13.572 26.719 306504.105
2019.000 9.000 2.000 4.000 34.000 0.000 0.000 0.000 -3.646 0.104 -453.337 -20.083 12.808 28.295 501362.089
2019.000 9.000 2.000 4.000 35.000 0.000 0.000 0.000 3.554 -2.248 -438.536 9.838 -14.795 26.532 464278.464
2019.000 9.000 2.000 4.000 36.000 0.000 0.000 0.000 -3.356 -0.310 -455.932 -15.927 15.792 26.658 490244.569
2019.000 9.000 2.000 4.000 37.000 0.000 0.000 0.000 0.549 -1.781 -443.877 14.223 -0.130 27.505 365225.451
2019.000 9.000 2.000 4.000 38.000 0.000 0.000 0.000 2.606 -0.525 -455.749 0.274 -2.031 28.260 357424.013
2019.000 9.000 2.000 4.000 39.000 0.000 0.000 0.000 -0.007 -0.838 -462.582 -4.913 1.046 26.320 280448.652
2019.000 9.000 2.000 4.000 40.000 0.000 0.000 0.000 -2.194 -1.771 -424.104 -9.073 -2.640 26.501 553617.439
2019.000 9.000 2.000 4.000 41.000 0.000 0.000 0.000 0.567 1.123 -445.426 31.501 -13.131 26.743 351680.175
2019.000 9.000 2.000 4.000 42.000 0.000 0.000 0.000 -1.826 2.232 -453.339 2.969 1.114 27.218 380894.055
2019.000 9.000 2.000 4.000 43.000 0.000 0.000 0.000 0.217 1.279 -459.419 0.880 -2.699 28.223 503061.648
2019.000 9.000 2.000 4.000 44.000 0.000 0.000 0.000 -0.831 0.797 -449.380 4.318 -4.091 28.238 464248.241
2019.000 9.000 2.000 4.000 45.000 0.000 0.000 0.000 0.327 2.963 -444.356 11.950 -1.982 26.895 391972.012
2019.000 9.000 2.000 4.000 46.000 0.000 0.000 0.000 -0.176 -1.627 -455.795 -4.463 -17.647 27.947 376603.132
2019.000 9.000 2.000 4.000 47.000 0.000 0.000 0.000 -0.293 -1.610 -496.604 19.666 3.319 27.908 588581.375
2019.000 9.000 2.000 4.000 48.000 0.000 0.000 0.000 0.409 -4.285 -506.341 20.724 -15.558 29.747 442415.491
2019.000 9.000 2.000 4.000 49.000 0.000 0.000 0.000 -2.032 -4.951 -540.833 -2.991 -2.536 30.673 766958.858
2019.000 9.000 2.000 4.000 50.000 0.000 0.000 0.000 -2.562 -12.267 -608.792 6.669 -2.034 32.995 900072.082
2019.000 9.000 2.000 4.000 51.000 0.000 0.000 0.000 0.433 -10.595 -561.371 11.425 -10.842 30.338 781148.901
2019.000 9.000 2.000 4.000 52.000 0.000 0.000 0.000 -0.723 -7.580 -577.568 0.991 -13.935 32.320 831943.700
2019.000 9.000 2.000 4.000 53.000 0.000 0.000 0.000 -0.351 -6.751 -575.443 24.679 -14.064 30.795 887199.619
2019.000 9.000 2.000 4.000 54.000 0.000 0.000 0.000 -0.275 -11.131 -583.791 -9.702 12.212 31.715 755588.864
2019.000 9.000 2.000 4.000 55.000 0.000 0.000 0.000 -0.490 -8.441 -576.091 6.514 -16.378 30.308 824097.874
2019.000 9.000 2.000 4.000 56.000 0.000 0.000 0.000 -1.069 -6.770 -594.084 2.149 33.001 31.576 822148.354
2019.000 9.000 2.000 4.000 57.000 0.000 0.000 0.000 -1.379 -10.826 -609.259 8.450 -6.372 31.657 793459.068
2019.000 9.000 2.000 4.000 58.000 0.000 0.000 0.000 -0.097 -7.826 -613.348 -38.274 -20.428 31.957 887113.164
2019.000 9.000 2.000 4.000 59.000 0.000 0.000 0.000 0.515 -8.370 -594.301 -4.388 -1.871 31.969 905030.882
2019.000 9.000 2.000 5.000 0.000 0.000 0.000 0.000 -1.062 -9.201 -598.736 -4.950 34.085 31.056 865427.294
2019.000 9.000 2.000 5.000 1.000 0.000 0.000 0.000 1.566 -9.693 -604.033 -30.925 3.446 31.111 778252.813
2019.000 9.000 2.000 5.000 2.000 0.000 0.000 0.000 -0.820 -8.693 -635.798 -8.464 35.648 31.858 663828.575
2019.000 9.000 2.000 5.000 3.000 0.000 0.000 0.000 0.040 -12.023 -609.223 3.330 -1.968 31.713 914087.568
2019.000 9.000 2.000 5.000 4.000 0.000 0.000 0.000 -2.333 -10.525 -644.646 10.031 21.720 32.442 985853.063
2019.000 9.000 2.000 5.000 5.000 0.000 0.000 0.000 -0.022 -11.164 -650.630 20.285 -24.080 31.985 983377.996
2019.000 9.000 2.000 5.000 6.000 0.000 0.000 0.000 -0.454 -10.837 -609.975 11.046 -23.520 32.474 827520.426
2019.000 9.000 2.000 5.000 7.000 0.000 0.000 0.000 1.044 -9.659 -613.438 -17.610 5.825 33.241 734086.735
2019.000 9.000 2.000 5.000 8.000 0.000 0.000 0.000 -1.385 -11.890 -632.334 -31.355 1.209 33.928 934174.698
2019.000 9.000 2.000 5.000 9.000 0.000 0.000 0.000 -1.347 -10.053 -630.648 -10.634 -9.412 33.134 907692.390
2019.000 9.000 2.000 5.000 10.000 0.000 0.000 0.000 -2.847 -9.827 -654.243 21.182 0.075 33.096 934089.541
2019.000 9.000 2.000 5.000 11.000 0.000 0.000 0.000 0.168 -10.424 -622.532 -4.026 -2.719 33.159 965598.019
2019.000 9.000 2.000 5.000 12.000 0.000 0.000 0.000 2.795 -12.139 -647.933 -4.050 -23.559 34.481 892532.902
2019.000 9.000 2.000 5.000 13.000 0.000 0.000 0.000 1.679 -11.946 -635.057 -12.925 -15.045 33.115 1053873.674
2019.000 9.000 2.000 5.000 14.000 0.000 0.000 0.000 -0.479 -11.146 -653.527 17.590 13.316 33.518 999355.784
2019.000 9.000 2.000 5.000 15.000 0.000 0.000 0.000 -1.345 -10.293 -640.996 -31.019 33.243 33.594 938854.976
2019.000 9.000 2.000 5.000 16.000 0.000 0.000 0.000 -0.876 -10.716 -670.392 -1.326 21.250 34.085 882949.681
2019.000 9.000 2.000 5.000 17.000 0.000 0.000 0.000 1.412 -12.763 -678.773 13.837 18.538 33.662 1012690.553
2019.000 9.000 2.000 5.000 18.000 0.000 0.000 0.000 1.089 -12.379 -668.904 12.458 21.398 34.550 1010579.602
2019.000 9.000 2.000 5.000 19.000 0.000 0.000 0.000 -3.350 -11.036 -657.436 -1.966 -1.943 34.054 880660.243
2019.000 9.000 2.000 5.000 20.000 0.000 0.000 0.000 0.157 -9.294 -676.008 0.574 6.849 32.759 976862.277
2019.000 9.000 2.000 5.000 21.000 0.000 0.000 0.000 0.719 -12.491 -662.522 12.722 8.609 35.073 936800.680
2019.000 9.000 2.000 5.000 22.000 0.000 0.000 0.000 0.563 -10.619 -668.849 4.579 -5.477 33.746 999832.038
2019.000 9.000 2.000 5.000 23.000 0.000 0.000 0.000 -1.230 -11.815 -679.106 14.741 -22.402 33.960 1041346.387
2019.000 9.000 2.000 5.000 24.000 0.000 0.000 0.000 0.801 -11.376 -696.842 0.282 -24.196 34.623 975856.532
2019.000 9.000 2.000 5.000 25.000 0.000 0.000 0.000 3.501 -13.060 -692.862 -13.188 23.590 34.673 1143445.837
2019.000 9.000 2.000 5.000 26.000 0.000 0.000 0.000 1.349 -11.676 -686.740 -49.534 5.040 35.496 926570.850
2019.000 9.000 2.000 5.000 27.000 0.000 0.000 0.000 -2.156 -14.995 -717.561 -26.144 -12.389 34.581 1017376.072
2019.000 9.000 2.000 5.000 28.000 0.000 0.000 0.000 -1.745 -15.547 -742.032 -12.129 -4.998 36.356 1092278.693
2019.000 9.000 2.000 5.000 29.000 0.000 0.000 0.000 1.028 -16.951 -779.458 12.818 3.238 37.539 1298167.501
2019.000 9.000 2.000 5.000 30.000 0.000 0.000 0.000 -0.398 -21.306 -784.504 -13.800 -3.506 39.906 1420242.558
2019.000 9.000 2.000 5.000 31.000 0.000 0.000 0.000 3.112 -22.394 -826.198 14.995 10.110 41.227 1476502.224
2019.000 9.000 2.000 5.000 32.000 0.000 0.000 0.000 0.912 -29.093 -908.603 0.833 4.790 41.415 1522243.420
2019.000 9.000 2.000 5.000 33.000 0.000 0.000 0.000 -1.416 -25.336 -918.822 6.599 15.920 43.310 1591939.114
2019.000 9.000 2.000 5.000 34.000 0.000 0.000 0.000 -2.333 -26.987 -940.698 -3.100 22.447 43.940 1780882.212
2019.000 9.000 2.000 5.000 35.000 0.000 0.000 0.000 1.467 -29.377 -950.533 5.740 -8.449 44.554 1723968.377
2019.000 9.000 2.000 5.000 36.000 0.000 0.000 0.000 2.866 -28.430 -955.871 -24.297 -8.079 44.690 1789365.134
2019.000 9.000 2.000 5.000 37.000 0.000 0.000 0.000 -0.024 -32.751 -1025.288 15.235 4.733 46.015 1917576.839
2019.000 9.000 2.000 5.000 38.000 0.000 0.000 0.000 1.538 -34.899 -1049.547 6.021 -17.322 46.225 1989586.250
2019.000 9.000 2.000 5.000 39.000 0.000 0.000 0.000 -1.120 -34.410 -1053.447 -24.435 -2.724 47.088 2022208.029
2019.000 9.000 2.000 5.000 40.000 0.000 0.000 0.000 -0.603 -34.653 -1070.435 -9.987 -0.655 47.408 2012885.838
2019.000 9.000 2.000 5.000 41.000 0.000 0.000 0.000 1.679 -37.731 -1123.957 -1.965 18.221 48.764 2236854.456
2019.000 9.000 2.000 5.000 42.000 0.000 0.000 0.000 -2.881 -37.454 -1127.544 3.028 -1.811 49.766 2261399.430
2019.000 9.000 2.000 5.000 43.000 0.000 0.000 0.000 1.592 -40.080 -1134.638 -6.639 -8.658 49.724 2373734.653
2019.000 9.000 2.000 5.000 44.000 0.000 0.000 0.000 -0.752 -42.099 -1190.633 -4.579 4.918 51.001 2334549.434
2019.000 9.000 2.000 5.000 45.000 0.000 0.000 0.000 0.160 -44.914 -1179.687 -7.894 23.674 51.785 2425351.968
2019.000 9.000 2.000 5.000 46.000 0.000 0.000 0.000 3.519 -45.433 -1210.435 23.417 10.387 52.433 2447939.796
2019.000 9.000 2.000 5.000 47.000 0.000 0.000 0.000 0.464 -44.244 -1255.960 -8.560 27.913 53.489 2671592.558
2019.000 9.000 2.000 5.000 48.000 0.000 0.000 0.000 2.585 -49.207 -1276.161 -6.343 11.157 54.826 2733378.990
2019.000 9.000 2.000 5.000 49.000 0.000 0.000 0.000 -0.189 -51.502 -1336.201 -2.891 14.344 55.749 2761415.415
2019.000 9.000 2.000 5.000 50.000 0.000 0.000 0.000 -0.647 -51.073 -1336.437 -2.859 -11.301 56.177 2876847.907
2019.000 9.000 2.000 5.000 51.000 0.000 0.000 0.000 0.862 -52.306 -1359.514 15.240 35.792 57.957 2969197.273
2019.000 9.000 2.000 5.000 52.000 0.000 0.000 0.000 -2.144 -51.122 -1386.443 -12.327 13.126 58.841 3045797.513
2019.000 9.000 2.000 5.000 53.000 0.000 0.000 0.000 0.412 -53.477 -1413.833 -21.293 -9.113 59.222 2984972.548
2019.000 9.000 2.000 5.000 54.000 0.000 0.000 0.000 1.043 -56.784 -1451.163 3.318 13.767 60.623 3045108.600
2019.000 9.000 2.000 5.000 55.000 0.000 0.000 0.000 1.937 -60.018 -1491.054 17.799 2.697 60.999 3247664.016
2019.000 9.000 2.000 5.000 56.000 0.000 0.000 0.000 -2.520 -61.241 -1509.250 -14.605 -21.587 63.307 3294525.318
2019.000 9.000 2.000 5.000 57.000 0.000 0.000 0.000 1.825 -63.763 -1557.125 9.228 0.265 63.191 3369161.274
2019.000 9.000 2.000 5.000 58.000 0.000 0.000 0.000 1.511 -65.861 -1579.075 -17.437 26.082 64.137 3511375.373
2019.000 9.000 2.000 5.000 59.000 0.000 0.000 0.000 -0.802 -66.521 -1617.266 22.449 20.678 64.788 3521488.420
2019.000 9.000 2.000 6.000 0.000 0.000 0.000 0.000 -1.383 -67.820 -1646.552 -16.600 -13.037 65.846 3642168.209
2019.000 9.000 2.000 6.000 1.000 0.000 0.000 0.000 3.453 -65.883 -1671.127 -15.698 -7.697 65.922 3673629.602
2019.000 9.000 2.000 6.000 2.000 0.000 0.000 0.000 -0.478 -71.013 -1691.685 15.777 -1.866 67.071 3976666.461
2019.000 9.000 2.000 6.000 3.000 0.000 0.000 0.000 -1.877 -72.312 -1725.882 -9.374 12.315 70.400 3929187.608
2019.000 9.000 2.000 6.000 4.000 0.000 0.000 0.000 -0.416 -74.280 -1758.878 5.814 2.478 70.436 3943329.158
2019.000 9.000 2.000 6.000 5.000 0.000 0.000 0.000 -1.721 -74.620 -1784.888 -4.470 -2.689 70.463 4087663.750
2019.000 9.000 2.000 6.000 6.000 0.000 0.000 0.000 1.709 -79.323 -1800.225 11.306 8.428 72.274 4164552.501
2019.000 9.000 2.000 6.000 7.000 0.000 0.000 0.000 -1.562 -77.248 -1821.880 3.200 43.472 73.602 4230354.109
2019.000 9.000 2.000 6.000 8.000 0.000 0.000 0.000 1.230 -77.165 -1870.084 -27.357 9.408 73.892 4251381.015
2019.000 9.000 2.000 6.000 9.000 0.000 0.000 0.000 -0.268 -77.599 -1898.425 23.520 10.422 75.201 4420370.698
2019.000 9.000 2.000 6.000 10.000 0.000 0.000 0.000 0.543 -83.905 -1898.009 10.567 -10.492 77.188 4405703.882
2019.000 9.000 2.000 6.000 11.000 0.000 0.000 0.000 -2.663 -84.029 -1943.617 -1.700 8.866 77.287 4440521.525
2019.000 9.000 2.000 6.000 12.000 0.000 0.000 0.000 0.965 -86.454 -1985.366 0.209 -15.575 77.981 4732504.663
2019.000 9.000 2.000 6.000 13.000 0.000 0.000 0.000 0.120 -88.402 -2035.010 -13.415 -2.121 78.468 4549994.310
2019.000 9.000 2.000 6.000 14.000 0.000 0.000 0.000 -1.267 -90.820 -2018.039 -4.414 -4.577 79.511 4850523.318
2019.000 9.000 2.000 6.000 15.000 0.000 0.000 0.000 0.078 -91.065 -2067.019 -8.444 -23.048 80.361 4702968.749
2019.000 9.000 2.000 6.000 16.000 0.000 0.000 0.000 -1.405 -91.965 -2103.511 -13.861 -2.443 81.641 4983783.877
2019.000 9.000 2.000 6.000 17.000 0.000 0.000 0.000 2.883 -96.471 -2132.256 0.039 -11.623 82.291 4930459.415
2019.000 9.000 2.000 6.000 18.000 0.000 0.000 0.000 -0.890 -94.571 -2148.243 -37.212 -16.626 82.720 5107598.074
2019.000 9.000 2.000 6.000 19.000 0.000 0.000 0.000 -1.033 -97.655 -2169.410 -0.256 -22.150 83.678 5085630.740
2019.000 9.000 2.000 6.000 20.000 0.000 0.000 0.000 -1.581 -100.705 -2205.702 10.217 -2.625 85.544 5274078.512
2019.000 9.000 2.000 6.000 21.000 0.000 0.000 0.000 3.353 -101.983 -2222.209 10.662 16.070 85.094 5296791.376
2019.000 9.000 2.000 6.000 22.000 0.000 0.000 0.000 1.686 -103.288 -2295.719 -2.309 -4.507 87.673 5370478.089
2019.000 9.000 2.000 6.000 23.000 0.000 0.000 0.000 1.795 -105.351 -2296.210 10.196 -28.231 88.098 5511272.863
2019.000 9.000 2.000 6.000 24.000 0.000 0.000 0.000 0.356 -105.783 -2319.948 -17.140 2.013 88.407 5574479.881
2019.000 9.000 2.000 6.000 25.000 0.000 0.000 0.000 1.806 -106.932 -2357.954 -1.335 21.052 90.172 5672944.492
2019.000 9.000 2.000 6.000 26.000 0.000 0.000 0.000 -0.634 -111.373 -2401.817 2.709 -19.857 90.700 5694962.105
2019.000 9.000 2.000 6.000 27.000 0.000 0.000 0.000 0.096 -111.346 -2435.826 -14.634 -16.502 91.645 5857836.855
2019.000 9.000 2.000 6.000 28.000 0.000 0.000 0.000 -2.844 -111.287 -2440.198 5.196 28.837 93.068 5824933.107
2019.000 9.000 2.000 6.000 29.000 0.000 0.000 0.000 0.811 -112.793 -2470.119 1.290 -11.560 94.210 6000000.000
2019.000 9.000 2.000 6.000 30.000 0.000 0.000 0.000 -0.517 -114.726 -2487.105 -3.911 3.264 94.609 5989277.964
2019.000 9.000 2.000 6.000 31.000 0.000 0.000 0.000 1.640 -87.120 -2012.055 -28.472 -5.729 76.984 4654361.694
2019.000 9.000 2.000 6.000 32.000 0.000 0.000 0.000 -1.186 -84.951 -1960.491 -6.796 -10.208 76.589 4613323.131
2019.000 9.000 2.000 6.000 33.000 0.000 0.000 0.000 -1.440 -86.269 -1955.847 6.542 -1.609 76.402 4527880.249
2019.000 9.000 2.000 6.000 34.000 0.000 0.000 0.000 1.298 -81.414 -1896.344 -6.250 -38.626 74.456 4505055.381
2019.000 9.000 2.000 6.000 35.000 0.000 0.000 0.000 -1.536 -82.690 -1916.212 -7.490 24.186 74.810 4319333.363
2019.000 9.000 2.000 6.000 36.000 0.000 0.000 0.000 -0.036 -80.386 -1846.367 -38.703 -11.845 72.773 4316724.758
2019.000 9.000 2.000 6.000 37.000 0.000 0.000 0.000 1.175 -70.294 -1716.811 -2.109 9.409 68.639 3792751.632
2019.000 9.000 2.000 6.000 38.000 0.000 0.000 0.000 -0.535 -62.998 -1567.290 14.274 16.004 62.758 3395112.497
2019.000 9.000 2.000 6.000 39.000 0.000 0.000 0.000 0.806 -32.694 -1011.049 16.038 -14.927 45.880 2088109.203
2019.000 9.000 2.000 6.000 40.000 0.000 0.000 0.000 0.144 -32.246 -1019.219 -24.617 20.007 46.734 1965542.578
2019.000 9.000 2.000 6.000 41.000 0.000 0.000 0.000 0.538 -31.865 -1019.886 0.579 -12.759 44.979 2031908.269
2019.000 9.000 2.000 6.000 42.000 0.000 0.000 0.000 0.258 -33.270 -1048.340 6.457 4.551 46.348 2011882.729
2019.000 9.000 2.000 6.000 43.000 0.000 0.000 0.000 -1.427 -36.136 -1073.270 -12.921 5.357 47.267 2066322.486
2019.000 9.000 2.000 6.000 44.000 0.000 0.000 0.000 2.692 -35.160 -1036.116 5.811 -4.411 47.263 2040816.723
2019.000 9.000 2.000 6.000 45.000 0.000 0.000 0.000 -1.384 -34.890 -1080.868 2.610 1.566 47.345 2133235.260
2019.000 9.000 2.000 6.000 46.000 0.000 0.000 0.000 1.673 -35.371 -1065.288 -3.983 -17.761 48.530 2236470.538
2019.000 9.000 2.000 6.000 47.000 0.000 0.000 0.000 1.264 -36.570 -1098.336 20.209 12.729 49.247 2167685.825
2019.000 9.000 2.000 6.000 48.000 0.000 0.000 0.000 -1.787 -38.650 -1120.869 10.549 15.282 48.058 2271420.256
2019.000 9.000 2.000 6.000 49.000 0.000 0.000 0.000 1.216 -37.189 -1116.981 28.500 -10.505 49.444 2281335.917
2019.000 9.000 2.000 6.000 50.000 0.000 0.000 0.000 -1.033 -37.241 -1133.667 -9.559 -7.029 49.044 2137268.303
2019.000 9.000 2.000 6.000 51.000 0.000 0.000 0.000 0.657 -37.250 -1161.980 18.223 -12.137 49.863 2384566.878
2019.000 9.000 2.000 6.000 52.000 0.000 0.000 0.000 0.338 -39.557 -1102.191 -20.385 6.435 48.859 2195317.166
2019.000 9.000 2.000 6.000 53.000 0.000 0.000 0.000 -0.021 -34.087 -1036.384 -14.933 -15.029 47.632 2024305.755
2019.000 9.000 2.000 6.000 54.000 0.000 0.000 0.000 -0.140 -32.650 -1029.956 22.676 11.594 45.608 2020923.941
2019.000 9.000 2.000 6.000 55.000 0.000 0.000 0.000 -1.990 -31.514 -1033.614 15.029 -16.120 45.090 1992392.896
2019.000 9.000 2.000 6.000 56.000 0.000 0.000 0.000 -1.609 -29.223 -974.969 -9.119 -5.606 45.411 1917066.643
2019.000 9.000 2.000 6.000 57.000 0.000 0.000 0.000 -1.247 -28.870 -932.880 -6.183 -0.064 43.877 1729859.496
2019.000 9.000 2.000 6.000 58.000 0.000 0.000 0.000 1.084 -27.404 -941.395 12.782 -10.753 43.235 1733066.179
2019.000 9.000 2.000 6.000 59.000 0.000 0.000 0.000 1.784 -25.852 -931.855 -8.037 16.892 43.000 1846522.027
2019.000 9.000 2.000 7.000 0.000 0.000 0.000 0.000 -1.382 -25.425 -906.512 4.162 2.882 42.763 1624497.185
2019.000 9.000 2.000 7.000 1.000 0.000 0.000 0.000 0.261 -26.815 -892.558 9.488 12.718 42.445 1658983.051
2019.000 9.000 2.000 7.000 2.000 0.000 0.000 0.000 0.491 -30.466 -898.446 -5.157 26.373 41.994 1705676.212
2019.000 9.000 2.000 7.000 3.000 0.000 0.000 0.000 1.609 -26.870 -880.586 3.441 -26.621 42.027 1532942.144
2019.000 9.000 2.000 7.000 4.000 0.000 0.000 0.000 0.675 -26.614 -908.927 -5.502 1.885 41.178 1590184.838
2019.000 9.000 2.000 7.000 5.000 0.000 0.000 0.000 1.836 -26.723 -885.029 8.169 -11.984 41.571 1595659.849
2019.000 9.000 2.000 7.000 6.000 0.000 0.000 0.000 -1.572 -23.365 -871.459 13.888 7.181 40.022 1564175.236
2019.000 9.000 2.000 7.000 7.000 0.000 0.000 0.000 -1.226 -24.610 -851.721 19.483 -3.103 40.605 1571826.909
2019.000 9.000 2.000 7.000 8.000 0.000 0.000 0.000 1.680 -23.735 -870.848 -9.673 -0.113 41.983 1587394.306
2019.000 9.000 2.000 7.000 9.000 0.000 0.000 0.000 -2.555 -24.855 -874.842 1.573 -9.559 40.434 1462613.225
2019.000 9.000 2.000 7.000 10.000 0.000 0.000 0.000 -1.424 -23.464 -845.789 -12.720 -6.595 40.299 1528532.128
2019.000 9.000 2.000 7.000 11.000 0.000 0.000 0.000 -0.601 -23.533 -873.972 3.830 32.046 39.698 1540585.915
2019.000 9.000 2.000 7.000 12.000 0.000 0.000 0.000 0.429 -23.800 -853.579 30.715 -2.357 39.143 1347758.343
2019.000 9.000 2.000 7.000 13.000 0.000 0.000 0.000 0.156 -19.876 -842.309 -2.970 -17.317 39.360 1467595.707
2019.000 9.000 2.000 7.000 14.000 0.000 0.000 0.000 -1.663 -21.325 -840.305 26.348 -13.762 39.243 1542991.994
2019.000 9.000 2.000 7.000 15.000 0.000 0.000 0.000 3.340 -20.625 -820.411 7.444 -0.197 39.308 1357474.360
2019.000 9.000 2.000 7.000 16.000 0.000 0.000 0.000 0.406 -19.443 -837.315 15.701 9.383 39.129 1361485.308
2019.000 9.000 2.000 7.000 17.000 0.000 0.000 0.000 -2.863 -22.896 -846.322 3.362 -39.116 38.451 1331440.622
2019.000 9.000 2.000 7.000 18.000 0.000 0.000 0.000 -2.257 -20.223 -780.910 -24.316 5.176 38.902 1339094.320
2019.000 9.000 2.000 7.000 19.000 0.000 0.000 0.000 3.442 -19.475 -793.893 3.524 21.999 39.575 1418352.289
2019.000 9.000 2.000 7.000 20.000 0.000 0.000 0.000 0.779 -18.917 -791.808 1.270 -0.269 38.608 1352827.115
2019.000 9.000 2.000 7.000 21.000 0.000 0.000 0.000 -0.508 -17.688 -783.192 -2.225 8.095 38.296 1352775.077
2019.000 9.000 2.000 7.000 22.000 0.000 0.000 0.000 -1.414 -18.742 -752.028 26.170 -0.874 37.166 1332693.920
2019.000 9.000 2.000 7.000 23.000 0.000 0.000 0.000 0.396 -15.281 -756.576 -12.076 -29.908 36.213 1259450.048
2019.000 9.000 2.000 7.000 24.000 0.000 0.000 0.000 -2.259 -24.902 -860.244 3.438 -6.649 40.472 1432190.436
2019.000 9.000 2.000 7.000 25.000 0.000 0.000 0.000 1.412 -25.624 -880.296 -1.811 -10.702 41.036 1516116.685
2019.000 9.000 2.000 7.000 26.000 0.000 0.000 0.000 2.264 -20.450 -864.069 5.040 -6.938 40.802 1533310.411
2019.000 9.000 2.000 7.000 27.000 0.000 0.000 0.000 -3.155 -23.050 -833.372 -6.057 19.453 40.831 1487784.850
2019.000 9.000 2.000 7.000 28.000 0.000 0.000 0.000 0.457 -22.224 -838.005 -9.173 28.277 40.429 1567133.417
2019.000 9.000 2.000 7.000 29.000 0.000 0.000 0.000 1.683 -24.525 -818.402 -22.626 7.556 39.061 1427333.520
2019.000 9.000 2.000 7.000 30.000 0.000 0.000 0.000 -1.405 -20.773 -815.044 6.744 3.819 39.018 1346474.842
2019.000 9.000 2.000 7.000 31.000 0.000 0.000 0.000 -1.961 -19.184 -770.157 -1.894 11.293 38.740 1423517.337
2019.000 9.000 2.000 7.000 32.000 0.000 0.000 0.000 -1.589 -17.965 -804.079 -19.912 25.274 36.554 1251114.818
2019.000 9.000 2.000 7.000 33.000 0.000 0.000 0.000 -1.320 -17.747 -744.727 -4.591 10.918 38.117 1234565.165
2019.000 9.000 2.000 7.000 34.000 0.000 0.000 0.000 0.132 -15.424 -746.782 8.131 -22.042 35.696 1122745.559
2019.000 9.000 2.000 7.000 35.000 0.000 0.000 0.000 2.232 -12.167 -699.415 -21.721 6.428 36.841 1059544.955
2019.000 9.000 2.000 7.000 36.000 0.000 0.000 0.000 -0.738 -14.976 -713.564 1.240 6.052 35.675 1004994.822
2019.000 9.000 2.000 7.000 37.000 0.000 0.000 0.000 -0.151 -14.961 -692.545 -1.516 12.058 35.129 1080824.698
2019.000 9.000 2.000 7.000 38.000 0.000 0.000 0.000 1.788 -17.178 -703.640 12.545 11.460 36.575 1284818.085
2019.000 9.000 2.000 7.000 39.000 0.000 0.000 0.000 1.789 -17.953 -745.631 -6.779 -8.524 38.557 1175823.787
2019.000 9.000 2.000 7.000 40.000 0.000 0.000 0.000 1.797 -19.557 -797.544 28.302 -10.925 38.981 1445792.580
2019.000 9.000 2.000 7.000 41.000 0.000 0.000 0.000 -0.202 -19.140 -813.343 27.202 23.495 40.994 1423538.025
2019.000 9.000 2.000 7.000 42.000 0.000 0.000 0.000 2.158 -21.253 -875.171 -33.808 -17.790 40.096 1549963.221
2019.000 9.000 2.000 7.000 43.000 0.000 0.000 0.000 2.270 -26.952 -872.344 -2.416 -12.960 41.481 1590445.228
2019.000 9.000 2.000 7.000 44.000 0.000 0.000 0.000 0.218 -29.735 -930.505 15.966 -11.310 42.570 1848125.469
2019.000 9.000 2.000 7.000 45.000 0.000 0.000 0.000 3.189 -28.865 -955.583 -5.446 4.010 43.185 1852769.854
2019.000 9.000 2.000 7.000 46.000 0.000 0.000 0.000 0.122 -32.577 -971.432 -13.499 -5.304 45.118 1839963.339
2019.000 9.000 2.000 7.000 47.000 0.000 0.000 0.000 -1.022 -32.979 -1006.947 22.937 9.266 46.444 1993504.330
2019.000 9.000 2.000 7.000 48.000 0.000 0.000 0.000 0.240 -34.187 -1003.129 -6.633 -10.715 43.988 1825133.471
2019.000 9.000 2.000 7.000 49.000 0.000 0.000 0.000 -0.350 -29.112 -978.564 -0.420 7.435 44.687 1986355.135
2019.000 9.000 2.000 7.000 50.000 0.000 0.000 0.000 0.485 -26.553 -959.813 -3.614 11.871 42.565 1857634.627
2019.000 9.000 2.000 7.000 51.000 0.000 0.000 0.000 -1.240 -31.260 -950.340 21.607 5.692 43.117 1804912.019
2019.000 9.000 2.000 7.000 52.000 0.000 0.000 0.000 -2.154 -27.416 -936.261 9.237 -2.991 43.772 1684522.875
2019.000 9.000 2.000 7.000 53.000 0.000 0.000 0.000 -1.252 -18.938 -756.725 -1.892 -3.861 37.850 1368469.783
2019.000 9.000 2.000 7.000 54.000 0.000 0.000 0.000 1.549 -17.078 -782.314 44.874 5.314 37.875 1298205.304
2019.000 9.000 2.000 7.000 55.000 0.000 0.000 0.000 -0.809 -19.170 -773.058 23.941 -2.530 37.822 1339736.215
2019.000 9.000 2.000 7.000 56.000 0.000 0.000 0.000 -1.687 -17.086 -762.553 -27.982 1.273 38.269 1286771.242
2019.000 9.000 2.000 7.000 57.000 0.000 0.000 0.000 0.485 -15.540 -773.588 28.257 -10.811 36.941 1156302.626
2019.000 9.000 2.000 7.000 58.000 0.000 0.000 0.000 -0.949 -14.260 -747.433 26.372 12.132 37.096 1154407.882
2019.000 9.000 2.000 7.000 59.000 0.000 0.000 0.000 -1.686 -17.715 -739.039 36.351 -6.333 36.393 1251204.393
2019.000 9.000 2.000 8.000 0.000 0.000 0.000 0.000 1.184 -13.098 -714.604 14.357 4.358 36.653 1117841.420
2019.000 9.000 2.000 8.000 1.000 0.000 0.000 0.000 2.986 -16.605 -708.081 -4.412 12.969 35.841 1082423.210
2019.000 9.000 2.000 8.000 2.000 0.000 0.000 0.000 2.133 -14.656 -758.708 14.604 3.270 36.436 1227863.086
2019.000 9.000 2.000 8.000 3.000 0.000 0.000 0.000 1.203 -16.193 -764.815 -9.692 8.551 37.074 1124610.514
2019.000 9.000 2.000 8.000 4.000 0.000 0.000 0.000 0.240 -14.871 -743.514 -2.736 -1.208 37.276 1211467.818
2019.000 9.000 2.000 8.000 5.000 0.000 0.000 0.000 0.259 -18.943 -760.622 7.840 -15.745 37.161 1291542.954
2019.000 9.000 2.000 8.000 6.000 0.000 0.000 0.000 -0.486 -22.471 -794.074 18.372 -5.409 38.044 1341634.730
2019.000 9.000 2.000 8.000 7.000 0.000 0.000 0.000 -0.831 -18.270 -787.683 16.550 -2.584 38.789 1315386.186
2019.000 9.000 2.000 8.000 8.000 0.000 0.000 0.000 -1.153 -19.831 -803.830 17.320 -7.974 39.633 1439200.615
2019.000 9.000 2.000 8.000 9.000 0.000 0.000 0.000 -1.525 -19.082 -847.503 -8.825 -29.621 40.413 1344468.003
2019.000 9.000 2.000 8.000 10.000 0.000 0.000 0.000 -1.435 -22.575 -818.227 7.266 -9.880 39.934 1350414.458
2019.000 9.000 2.000 8.000 11.000 0.000 0.000 0.000 -1.381 -26.391 -855.131 -9.371 -3.698 39.823 1438269.495
2019.000 9.000 2.000 8.000 12.000 0.000 0.000 0.000 -3.652 -25.547 -882.839 -22.207 -0.875 40.281 1555065.698
2019.000 9.000 2.000 8.000 13.000 0.000 0.000 0.000 0.702 -24.445 -891.962 -0.225 -0.626 39.721 1495108.506
2019.000 9.000 2.000 8.000 14.000 0.000 0.000 0.000 2.636 -23.885 -894.412 0.684 11.893 41.604 1474115.353
2019.000 9.000 2.000 8.000 15.000 0.000 0.000 0.000 0.681 -26.109 -886.485 -8.413 0.347 41.943 1596297.478
2019.000 9.000 2.000 8.000 16.000 0.000 0.000 0.000 -0.724 -28.335 -906.990 10.249 -4.288 42.910 1716377.372
2019.000 9.000 2.000 8.000 17.000 0.000 0.000 0.000 2.660 -30.150 -942.624 12.293 -26.157 43.271 1657707.095
2019.000 9.000 2.000 8.000 18.000 0.000 0.000 0.000 0.116 -28.304 -922.210 -1.890 22.342 43.722 1706261.571
2019.000 9.000 2.000 8.000 19.000 0.000 0.000 0.000 -0.526 -29.417 -946.711 -1.477 -8.423 44.311 1813798.299
2019.000 9.000 2.000 8.000 20.000 0.000 0.000 0.000 -1.452 -29.379 -960.313 16.000 17.244 43.521 1801280.377
2019.000 9.000 2.000 8.000 21.000 0.000 0.000 0.000 -1.746 -30.918 -964.679 22.907 -7.137 44.733 1922839.135
2019.000 9.000 2.000 8.000 22.000 0.000 0.000 0.000 -1.062 -30.183 -1003.455 -18.129 12.243 45.633 1901502.223
2019.000 9.000 2.000 8.000 23.000 0.000 0.000 0.000 0.152 -33.235 -981.726 -17.874 -0.461 44.442 1847292.942
2019.000 9.000 2.000 8.000 24.000 0.000 0.000 0.000 -2.169 -32.389 -1006.546 0.925 -9.341 45.871 1925084.201
2019.000 9.000 2.000 8.000 25.000 0.000 0.000 0.000 -2.794 -36.658 -1029.872 4.114 13.040 45.692 2041979.033
2019.000 9.000 2.000 8.000 26.000 0.000 0.000 0.000 -1.588 -31.668 -1046.691 14.838 9.565 46.472 1837586.421
2019.000 9.000 2.000 8.000 27.000 0.000 0.000 0.000 0.817 -32.647 -1021.914 10.248 -12.363 46.141 1953639.234
2019.000 9.000 2.000 8.000 28.000 0.000 0.000 0.000 -0.477 -33.659 -1033.533 -6.418 -10.010 44.960 1891241.685
2019.000 9.000 2.000 8.000 29.000 0.000 0.000 0.000 0.129 -33.635 -1032.813 -8.541 4.372 45.932 1995831.380
2019.000 9.000 2.000 8.000 30.000 0.000 0.000 0.000 -0.102 -32.355 -1030.133 -0.232 0.149 47.429 2106970.581
2019.000 9.000 2.000 8.000 31.000 0.000 0.000 0.000 -0.739 -34.985 -1068.244 3.928 7.430 47.426 2133634.914
2019.000 9.000 2.000 8.000 32.000 0.000 0.000 0.000 1.195 -31.484 -1074.525 7.211 -1.605 47.789 2048901.038
2019.000 9.000 2.000 8.000 33.000 0.000 0.000 0.000 -2.417 -31.560 -1057.142 -13.274 4.105 46.726 2169586.186
2019.000 9.000 2.000 8.000 34.000 0.000 0.000 0.000 1.763 -34.700 -1054.489 -1.994 24.728 47.423 2246181.435
2019.000 9.000 2.000 8.000 35.000 0.000 0.000 0.000 2.062 -37.202 -1068.518 13.296 -19.035 48.045 2115413.392
2019.000 9.000 2.000 8.000 36.000 0.000 0.000 0.000 0.197 -32.781 -1026.634 -3.417 5.358 47.069 2150059.828
2019.000 9.000 2.000 8.000 37.000 0.000 0.000 0.000 -0.725 -34.031 -1045.327 28.139 -3.400 46.629 2128712.411
2019.000 9.000 2.000 8.000 38.000 0.000 0.000 0.000 2.246 -33.026 -1042.036 20.885 25.748 46.604 1943266.090
2019.000 9.000 2.000 8.000 39.000 0.000 0.000 0.000 2.638 -34.888 -1020.707 -9.953 -18.237 46.130 2046840.156
2019.000 9.000 2.000 8.000 40.000 0.000 0.000 0.000 -0.797 -34.761 -1023.697 -7.131 17.574 46.133 1922431.515
2019.000 9.000 2.000 8.000 41.000 0.000 0.000 0.000 2.449 -32.467 -1014.474 0.040 19.663 45.699 2069654.284
2019.000 9.000 2.000 8.000 42.000 0.000 0.000 0.000 0.869 -34.535 -967.722 -11.630 -4.227 44.719 1969944.352
2019.000 9.000 2.000 8.000 43.000 0.000 0.000 0.000 -1.196 -29.035 -1012.617 1.243 2.777 45.134 1866689.699
2019.000 9.000 2.000 8.000 44.000 0.000 0.000 0.000 -1.688 -30.025 -989.225 -5.265 24.301 46.209 1870354.330
2019.000 9.000 2.000 8.000 45.000 0.000 0.000 0.000 -1.153 -27.825 -969.405 20.861 0.937 43.383 1771875.806
2019.000 9.000 2.000 8.000 46.000 0.000 0.000 0.000 -1.953 -29.732 -973.987 27.474 -22.730 44.419 1842065.724
2019.000 9.000 2.000 8.000 47.000 0.000 0.000 0.000 -0.970 -30.429 -970.410 -6.358 -2.274 44.397 1805924.665
2019.000 9.000 2.000 8.000 48.000 0.000 0.000 0.000 0.680 -30.906 -951.467 17.507 -8.515 44.500 1778957.286
2019.000 9.000 2.000 8.000 49.000 0.000 0.000 0.000 0.490 -31.562 -922.764 -10.340 0.706 44.067 1849870.338
2019.000 9.000 2.000 8.000 50.000 0.000 0.000 0.000 -0.088 -29.538 -963.810 -0.397 7.367 44.089 1805039.183
2019.000 9.000 2.000 8.000 51.000 0.000 0.000 0.000 1.849 -30.624 -972.800 34.264 32.624 43.432 1799794.940
2019.000 9.000 2.000 8.000 52.000 0.000 0.000 0.000 -3.597 -28.584 -985.992 -18.402 -8.476 44.622 1854246.543
2019.000 9.000 2.000 8.000 53.000 0.000 0.000 0.000 3.178 -32.362 -958.091 7.222 -2.043 44.849 1929233.922
2019.000 9.000 2.000 8.000 54.000 0.000 0.000 0.000 -1.456 -28.230 -969.900 27.759 -13.938 43.560 1764357.050
2019.000 9.000 2.000 8.000 55.000 0.000 0.000 0.000 0.049 -29.121 -970.351 -0.612 16.776 45.180 1813102.622
2019.000 9.000 2.000 8.000 56.000 0.000 0.000 0.000 0.973 -29.427 -999.217 -1.709 4.806 44.820 1914349.443
2019.000 9.000 2.000 8.000 57.000 0.000 0.000 0.000 2.086 -31.425 -965.726 -8.078 -33.911 45.465 2004799.440
2019.000 9.000 2.000 8.000 58.000 0.000 0.000 0.000 1.109 -27.209 -985.339 4.751 -25.214 44.870 1737924.664
2019.000 9.000 2.000 8.000 59.000 0.000 0.000 0.000 -0.125 -29.728 -990.876 -11.317 -7.547 44.854 1828536.598
2019.000 9.000 2.000 9.000 0.000 0.000 0.000 0.000 0.430 -27.948 -994.773 8.018 -15.637 44.973 1964506.048
2019.000 9.000 2.000 9.000 1.000 0.000 0.000 0.000 3.965 -28.502 -980.817 11.686 -25.640 44.315 1793364.476
2019.000 9.000 2.000 9.000 2.000 0.000 0.000 0.000 1.030 -29.304 -969.709 15.665 -1.984 44.803 1940885.023
2019.000 9.000 2.000 9.000 3.000 0.000 0.000 0.000 -1.798 -30.474 -964.342 3.455 -11.730 44.550 1880355.882
2019.000 9.000 2.000 9.000 4.000 0.000 0.000 0.000 2.456 -32.766 -967.856 9.391 -3.944 44.906 1808651.702
2019.000 9.000 2.000 9.000 5.000 0.000 0.000 0.000 2.273 -31.230 -986.105 -18.243 3.226 44.328 1830367.046
2019.000 9.000 2.000 9.000 6.000 0.000 0.000 0.000 3.999 -29.373 -991.140 10.598 -3.519 44.455 1777553.517
2019.000 9.000 2.000 9.000 7.000 0.000 0.000 0.000 1.521 -29.850 -990.011 -21.515 -32.577 44.629 1874449.772
2019.000 9.000 2.000 9.000 8.000 0.000 0.000 0.000 0.291 -30.801 -966.461 -6.909 -4.128 44.186 1937254.433
2019.000 9.000 2.000 9.000 9.000 0.000 0.000 0.000 0.798 -29.302 -973.971 8.723 -28.725 45.514 1852690.893
2019.000 9.000 2.000 9.000 10.000 0.000 0.000 0.000 -1.075 -32.431 -1011.713 -14.806 -16.486 45.709 1807044.868
2019.000 9.000 2.000 9.000 11.000 0.000 0.000 0.000 -0.787 -27.937 -978.094 -10.566 1.353 43.658 1757469.038
2019.000 9.000 2.000 9.000 12.000 0.000 0.000 0.000 0.424 -31.495 -952.942 12.352 -19.281 43.222 1916248.451
2019.000 9.000 2.000 9.000 13.000 0.000 0.000 0.000 -0.618 -29.190 -938.009 17.164 -25.586 44.672 1844394.458
2019.000 9.000 2.000 9.000 14.000 0.000 0.000 0.000 -0.501 -34.104 -986.766 -18.230 -27.846 45.369 1867953.139
2019.000 9.000 2.000 9.000 15.000 0.000 0.000 0.000 0.399 -29.139 -969.769 2.724 3.215 44.168 1779888.731
2019.000 9.000 2.000 9.000 16.000 0.000 0.000 0.000 0.861 -27.708 -996.869 -1.824 13.512 45.118 1934090.443
2019.000 9.000 2.000 9.000 17.000 0.000 0.000 0.000 -1.182 -30.402 -993.999 16.348 16.069 44.911 1848387.373
2019.000 9.000 2.000 9.000 18.000 0.000 0.000 0.000 0.809 -31.503 -975.928 9.008 -24.121 44.402 1906548.114
2019.000 9.000 2.000 9.000 19.000 0.000 0.000 0.000 0.216 -32.145 -976.959 1.058 1.526 44.991 1913386.173
2019.000 9.000 2.000 9.000 20.000 0.000 0.000 0.000 -0.760 -29.257 -988.810 -14.124 5.844 44.419 1840077.124
2019.000 9.000 2.000 9.000 21.000 0.000 0.000 0.000 -0.311 -30.196 -987.682 24.915 -3.669 45.381 1741328.292
2019.000 9.000 2.000 9.000 22.000 0.000 0.000 0.000 1.749 -30.231 -994.791 -10.809 -8.124 46.221 1926403.245
2019.000 9.000 2.000 9.000 23.000 0.000 0.000 0.000 1.830 -31.531 -994.706 10.327 8.935 45.152 1820546.281
2019.000 9.000 2.000 9.000 24.000 0.000 0.000 0.000 0.117 -30.878 -1006.837 5.712 24.519 44.303 1794619.746
2019.000 9.000 2.000 9.000 25.000 0.000 0.000 0.000 0.603 -31.331 -998.352 8.829 -8.764 45.177 1880240.446
2019.000 9.000 2.000 9.000 26.000 0.000 0.000 0.000 -1.078 -31.608 -1000.664 -0.653 12.552 44.612 1776126.836
2019.000 9.000 2.000 9.000 27.000 0.000 0.000 0.000 2.303 -34.100 -1010.222 18.422 -14.220 45.133 1835537.765
2019.000 9.000 2.000 9.000 28.000 0.000 0.000 0.000 -0.392 -30.398 -999.697 -18.522 16.738 45.473 1848126.988
2019.000 9.000 2.000 9.000 29.000 0.000 0.000 0.000 0.112 -29.456 -1011.297 -2.393 -11.653 46.006 1861788.784
2019.000 9.000 2.000 9.000 30.000 0.000 0.000 0.000 0.898 -31.693 -1006.192 -15.115 -9.964 45.655 1955382.783
2019.000 9.000 2.000 9.000 31.000 0.000 0.000 0.000 -1.470 -32.994 -1028.011 28.445 2.897 44.380 1924468.707
2019.000 9.000 2.000 9.000 32.000 0.000 0.000 0.000 1.481 -34.670 -974.646 6.976 -7.540 45.237 1855936.480
2019.000 9.000 2.000 9.000 33.000 0.000 0.000 0.000 3.433 -30.761 -1012.915 1.764 10.195 46.535 1804361.197
2019.000 9.000 2.000 9.000 34.000 0.000 0.000 0.000 -2.578 -30.325 -980.697 -0.722 -19.738 45.671 1852646.741
2019.000 9.000 2.000 9.000 35.000 0.000 0.000 0.000 0.501 -32.115 -995.140 -2.901 -1.367 45.277 1899111.952
2019.000 9.000 2.000 9.000 36.000 0.000 0.000 0.000 0.138 -32.721 -995.135 -16.097 11.162 46.006 1882329.883
2019.000 9.000 2.000 9.000 37.000 0.000 0.000 0.000 -2.617 -31.014 -1047.488 -30.765 -12.220 44.676 1811741.294
2019.000 9.000 2.000 9.000 38.000 0.000 0.000 0.000 1.199 -30.870 -984.010 -13.375 -5.483 44.872 1805658.782
2019.000 9.000 2.000 9.000 39.000 0.000 0.000 0.000 -0.070 -28.976 -976.856 9.038 -18.360 44.352 1935428.261
2019.000 9.000 2.000 9.000 40.000 0.000 0.000 0.000 -0.349 -29.213 -973.781 -12.552 -10.495 43.591 1966395.803
2019.000 9.000 2.000 9.000 41.000 0.000 0.000 0.000 -1.348 -27.858 -988.448 -25.980 5.604 44.121 1907483.629
2019.000 9.000 2.000 9.000 42.000 0.000 0.000 0.000 -2.207 -31.119 -958.780 -8.425 13.170 44.418 1748929.262
2019.000 9.000 2.000 9.000 43.000 0.000 0.000 0.000 0.084 -31.057 -981.822 4.045 24.853 44.028 1769379.985
2019.000 9.000 2.000 9.000 44.000 0.000 0.000 0.000 0.700 -29.717 -981.948 8.630 23.651 43.697 1891574.406
2019.000 9.000 2.000 9.000 45.000 0.000 0.000 0.000 -0.836 -30.994 -1000.923 -16.624 21.457 43.405 1716310.494
2019.000 9.000 2.000 9.000 46.000 0.000 0.000 0.000 -1.101 -28.582 -959.406 -11.385 5.938 44.719 1855729.638
2019.000 9.000 2.000 9.000 47.000 0.000 0.000 0.000 2.614 -28.852 -927.382 5.089 5.262 43.612 1663513.438
2019.000 9.000 2.000 9.000 48.000 0.000 0.000 0.000 0.219 -29.148 -952.190 -8.198 0.327 43.721 1812884.590
2019.000 9.000 2.000 9.000 49.000 0.000 0.000 0.000 3.452 -29.242 -953.632 8.130 19.266 43.879 1810502.995
2019.000 9.000 2.000 9.000 50.000 0.000 0.000 0.000 -3.167 -25.263 -931.046 1.962 4.982 43.410 1622510.549
2019.000 9.000 2.000 9.000 51.000 0.000 0.000 0.000 1.808 -29.758 -954.357 -10.512 7.117 43.571 1740986.470
2019.000 9.000 2.000 9.000 52.000 0.000 0.000 0.000 0.207 -24.828 -923.653 -2.295 16.580 42.405 1704936.519
2019.000 9.000 2.000 9.000 53.000 0.000 0.000 0.000 -1.037 -28.872 -913.154 -24.459 -2.207 42.506 1706888.528
2019.000 9.000 2.000 9.000 54.000 0.000 0.000 0.000 -1.791 -26.573 -946.238 23.696 -20.895 43.178 1865754.913
2019.000 9.000 2.000 9.000 55.000 0.000 0.000 0.000 1.161 -27.631 -916.283 15.469 27.652 41.320 1819824.067
2019.000 9.000 2.000 9.000 56.000 0.000 0.000 0.000 -1.280 -26.215 -959.925 -13.078 -7.197 43.614 1813057.242
2019.000 9.000 2.000 9.000 57.000 0.000 0.000 0.000 2.279 -27.966 -968.476 -5.482 0.325 43.642 1782872.900
2019.000 9.000 2.000 9.000 58.000 0.000 0.000 0.000 0.290 -27.360 -916.321 41.997 20.923 43.988 1674966.660
2019.000 9.000 2.000 9.000 59.000 0.000 0.000 0.000 0.367 -28.918 -930.050 -4.216 -1.702 41.943 1642549.474
2019.000 9.000 2.000 10.000 0.000 0.000 0.000 0.000 -0.834 -28.550 -926.761 18.698 -3.902 43.098 1666282.053
2019.000 9.000 2.000 10.000 1.000 0.000 0.000 0.000 -1.174 -26.537 -957.489 -7.407 -10.029 43.820 1742313.872
2019.000 9.000 2.000 10.000 2.000 0.000 0.000 0.000 0.285 -27.990 -926.575 -1.265 -7.881 44.631 1691823.127
2019.000 9.000 2.000 10.000 3.000 0.000 0.000 0.000 1.007 -27.846 -960.504 8.605 -0.097 43.267 1859784.226
2019.000 9.000 2.000 10.000 4.000 0.000 0.000 0.000 0.170 -28.803 -951.269 -1.940 6.607 44.039 1637205.489
2019.000 9.000 2.000 10.000 5.000 0.000 0.000 0.000 -0.167 -27.724 -958.265 -16.954 25.561 44.759 1859395.929
2019.000 9.000 2.000 10.000 6.000 0.000 0.000 0.000 -0.793 -27.081 -963.910 -9.415 12.093 43.109 1743905.559
2019.000 9.000 2.000 10.000 7.000 0.000 0.000 0.000 -0.519 -29.518 -964.735 -7.718 22.211 44.756 1848314.049
2019.000 9.000 2.000 10.000 8.000 0.000 0.000 0.000 -0.724 -28.693 -971.200 -4.048 -10.531 44.750 1669108.688
2019.000 9.000 2.000 10.000 9.000 0.000 0.000 0.000 -1.298 -30.801 -979.490 14.234 -19.940 44.103 1881095.345
2019.000 9.000 2.000 10.000 10.000 0.000 0.000 0.000 -0.691 -29.642 -950.408 5.060 22.435 44.420 1830482.848
2019.000 9.000 2.000 10.000 11.000 0.000 0.000 0.000 -0.546 -30.025 -959.637 -17.065 13.035 43.480 1849034.290
2019.000 9.000 2.000 10.000 12.000 0.000 0.000 0.000 1.003 -32.187 -1007.354 11.438 -17.307 44.443 1772705.665
2019.000 9.000 2.000 10.000 13.000 0.000 0.000 0.000 -1.224 -28.347 -993.252 -0.595 -1.118 43.741 1830460.310
2019.000 9.000 2.000 10.000 14.000 0.000 0.000 0.000 -0.446 -30.101 -977.702 -19.300 2.616 45.705 1835651.095
2019.000 9.000 2.000 10.000 15.000 0.000 0.000 0.000 -0.478 -29.132 -981.858 5.788 18.006 44.078 1822331.077
2019.000 9.000 2.000 10.000 16.000 0.000 0.000 0.000 1.762 -31.167 -998.850 0.986 -22.576 43.839 1865545.614
2019.000 9.000 2.000 10.000 17.000 0.000 0.000 0.000 -3.983 -30.132 -987.871 5.532 -2.868 43.935 1924068.577
2019.000 9.000 2.000 10.000 18.000 0.000 0.000 0.000 1.420 -30.652 -997.935 -7.431 -4.396 44.674 1894331.133
2019.000 9.000 2.000 10.000 19.000 0.000 0.000 0.000 0.334 -30.455 -948.883 10.354 11.331 44.939 1862130.193
2019.000 9.000 2.000 10.000 20.000 0.000 0.000 0.000 0.536 -29.940 -977.525 -16.728 3.178 44.492 1791321.009
2019.000 9.000 2.000 10.000 21.000 0.000 0.000 0.000 -0.460 -29.031 -949.957 3.162 -24.102 43.636 1755474.551
2019.000 9.000 2.000 10.000 22.000 0.000 0.000 0.000 -1.252 -29.282 -956.682 -18.326 15.833 43.304 1733462.993
2019.000 9.000 2.000 10.000 23.000 0.000 0.000 0.000 0.953 -26.589 -949.789 -6.369 -18.513 43.776 1710287.809
2019.000 9.000 2.000 10.000 24.000 0.000 0.000 0.000 -3.287 -28.124 -931.890 17.129 -5.605 44.100 1755055.333
2019.000 9.000 2.000 10.000 25.000 0.000 0.000 0.000 1.595 -29.299 -944.843 1.766 -1.175 43.539 1712568.935
2019.000 9.000 2.000 10.000 26.000 0.000 0.000 0.000 -2.613 -26.008 -928.217 -4.345 6.432 43.679 1746780.621
2019.000 9.000 2.000 10.000 27.000 0.000 0.000 0.000 -1.354 -26.878 -950.378 -1.265 7.087 43.041 1842041.808
2019.000 9.000 2.000 10.000 28.000 0.000 0.000 0.000 -1.642 -25.856 -933.224 19.958 4.119 42.087 1732103.400
2019.000 9.000 2.000 10.000 29.000 0.000 0.000 0.000 2.300 -26.926 -918.067 18.664 3.829 43.066 1810801.427
2019.000 9.000 2.000 10.000 30.000 0.000 0.000 0.000 -1.169 -26.320 -931.215 28.992 7.465 42.914 1742391.376
2019.000 9.000 2.000 10.000 31.000 0.000 0.000 0.000 1.231 -28.697 -923.955 19.624 -5.582 43.245 1734085.546
2019.000 9.000 2.000 10.000 32.000 0.000 0.000 0.000 2.219 -26.831 -910.369 3.296 -19.120 42.453 1718906.372
2019.000 9.000 2.000 10.000 33.000 0.000 0.000 0.000 -0.279 -27.600 -917.226 -12.746 -7.869 42.450 1678460.143
2019.000 9.000 2.000 10.000 34.000 0.000 0.000 0.000 -1.336 -29.401 -937.786 20.262 -7.725 41.831 1682554.296
2019.000 9.000 2.000 10.000 35.000 0.000 0.000 0.000 0.794 -26.640 -902.249 -10.570 -0.839 42.570 1617572.898
2019.000 9.000 2.000 10.000 36.000 0.000 0.000 0.000 -0.238 -26.973 -911.505 2.646 -20.162 41.939 1550144.418
2019.000 9.000 2.000 10.000 37.000 0.000 0.000 0.000 0.689 -23.828 -914.291 -10.657 -28.713 43.491 1562985.976
2019.000 9.000 2.000 10.000 38.000 0.000 0.000 0.000 0.401 -21.552 -893.764 -12.656 -9.332 42.921 1742904.465
2019.000 9.000 2.000 10.000 39.000 0.000 0.000 0.000 0.419 -25.025 -908.888 3.672 -25.042 42.151 1631638.946
2019.000 9.000 2.000 10.000 40.000 0.000 0.000 0.000 -0.056 -27.553 -889.975 1.819 -6.462 43.164 1601881.766
2019.000 9.000 2.000 10.000 41.000 0.000 0.000 0.000 3.173 -27.751 -922.050 -7.955 17.896 42.699 1715620.661
2019.000 9.000 2.000 10.000 42.000 0.000 0.000 0.000 1.454 -24.262 -926.090 -22.239 6.097 41.580 1551038.812
2019.000 9.000 2.000 10.000 43.000 0.000 0.000 0.000 -0.701 -26.461 -893.616 17.216 13.288 41.953 1726177.551
2019.000 9.000 2.000 10.000 44.000 0.000 0.000 0.000 0.230 -24.031 -895.810 0.754 21.396 42.241 1746778.659
2019.000 9.000 2.000 10.000 45.000 0.000 0.000 0.000 -0.571 -28.852 -900.053 1.380 13.340 41.570 1631369.372
2019.000 9.000 2.000 10.000 46.000 0.000 0.000 0.000 3.212 -24.234 -901.105 17.342 2.203 42.795 1509858.988
2019.000 9.000 2.000 10.000 47.000 0.000 0.000 0.000 -4.040 -25.909 -885.601 -13.708 -7.395 42.171 1606688.052
2019.000 9.000 2.000 10.000 48.000 0.000 0.000 0.000 0.759 -24.394 -854.197 -12.620 9.102 41.965 1678695.274
2019.000 9.000 2.000 10.000 49.000 0.000 0.000 0.000 0.054 -29.266 -913.714 -8.835 3.305 41.664 1681050.636
2019.000 9.000 2.000 10.000 50.000 0.000 0.000 0.000 -0.870 -27.817 -884.111 12.274 11.297 43.018 1675500.126
2019.000 9.000 2.000 10.000 51.000 0.000 0.000 0.000 -1.623 -25.433 -905.650 0.174 -8.997 43.704 1618420.351
2019.000 9.000 2.000 10.000 52.000 0.000 0.000 0.000 0.493 -26.244 -887.888 4.455 13.266 41.691 1599890.056
2019.000 9.000 2.000 10.000 53.000 0.000 0.000 0.000 -0.793 -26.783 -912.820 -2.667 -10.903 42.404 1689186.099
2019.000 9.000 2.000 10.000 54.000 0.000 0.000 0.000 1.726 -26.318 -894.288 -2.803 1.251 41.822 1615684.009
2019.000 9.000 2.000 10.000 55.000 0.000 0.000 0.000 -0.218 -25.610 -911.426 -5.972 -28.111 42.154 1681503.532
2019.000 9.000 2.000 10.000 56.000 0.000 0.000 0.000 0.662 -26.311 -868.679 8.093 -7.468 42.863 1632389.939
2019.000 9.000 2.000 10.000 57.000 0.000 0.000 0.000 -0.872 -25.690 -921.396 24.959 -25.482 41.674 1619113.535
2019.000 9.000 2.000 10.000 58.000 0.000 0.000 0.000 2.068 -23.204 -884.243 -20.312 11.319 42.325 1701784.204
2019.000 9.000 2.000 10.000 59.000 0.000 0.000 0.000 -1.975 -28.370 -873.896 -6.054 -1.153 41.853 1639452.324
2019.000 9.000 2.000 11.000 0.000 0.000 0.000 0.000 -2.398 -25.173 -902.102 -13.746 14.013 42.530 1611755.059
2019.000 9.000 2.000 11.000 1.000 0.000 0.000 0.000 1.002 -24.911 -895.361 -9.682 -1.863 41.465 1710945.307
2019.000 9.000 2.000 11.000 2.000 0.000 0.000 0.000 -1.392 -26.976 -908.613 16.943 -24.751 41.418 1550296.575
2019.000 9.000 2.000 11.000 3.000 0.000 0.000 0.000 1.683 -27.846 -929.854 -20.855 7.587 41.845 1645958.771
2019.000 9.000 2.000 11.000 4.000 0.000 0.000 0.000 3.492 -25.764 -900.512 -6.353 27.453 42.060 1697132.609
2019.000 9.000 2.000 11.000 5.000 0.000 0.000 0.000 -0.674 -25.350 -902.880 -5.065 22.143 42.307 1631690.567
2019.000 9.000 2.000 11.000 6.000 0.000 0.000 0.000 1.427 -25.936 -896.234 21.289 -5.973 41.073 1608433.458
2019.000 9.000 2.000 11.000 7.000 0.000 0.000 0.000 0.102 -23.799 -894.123 -3.149 25.600 41.043 1553297.059
2019.000 9.000 2.000 11.000 8.000 0.000 0.000 0.000 -2.137 -23.533 -884.671 11.157 -0.559 41.336 1690979.110
2019.000 9.000 2.000 11.000 9.000 0.000 0.000 0.000 -0.089 -24.443 -911.710 -14.561 -18.523 41.787 1681011.554
2019.000 9.000 2.000 11.000 10.000 0.000 0.000 0.000 1.806 -25.294 -911.897 7.123 -33.774 41.811 1620852.616
2019.000 9.000 2.000 11.000 11.000 0.000 0.000 0.000 0.561 -24.472 -894.941 -6.164 6.483 41.841 1675189.672
2019.000 9.000 2.000 11.000 12.000 0.000 0.000 0.000 1.329 -25.693 -917.299 9.532 -15.460 42.802 1540956.690
2019.000 9.000 2.000 11.000 13.000 0.000 0.000 0.000 -1.339 -25.917 -872.397 18.614 -8.806 41.557 1692801.883
2019.000 9.000 2.000 11.000 14.000 0.000 0.000 0.000 0.925 -24.774 -890.070 -1.365 -7.903 42.107 1612823.722
2019.000 9.000 2.000 11.000 15.000 0.000 0.000 0.000 0.939 -28.068 -895.596 26.552 4.978 41.773 1616595.897
2019.000 9.000 2.000 11.000 16.000 0.000 0.000 0.000 -0.501 -22.824 -884.564 2.883 -22.163 40.925 1512036.506
2019.000 9.000 2.000 11.000 17.000 0.000 0.000 0.000 0.448 -28.302 -886.181 -1.298 -4.286 40.842 1625222.617
2019.000 9.000 2.000 11.000 18.000 0.000 0.000 0.000 0.266 -22.646 -885.063 8.796 -16.648 41.512 1563226.718
2019.000 9.000 2.000 11.000 19.000 0.000 0.000 0.000 -2.248 -25.303 -871.790 -3.530 9.407 40.135 1612759.327
2019.000 9.000 2.000 11.000 20.000 0.000 0.000 0.000 0.582 -22.262 -866.317 8.112 -13.235 40.640 1538256.699
2019.000 9.000 2.000 11.000 21.000 0.000 0.000 0.000 0.519 -23.001 -841.630 -3.793 -12.985 40.139 1416701.363
2019.000 9.000 2.000 11.000 22.000 0.000 0.000 0.000 -1.572 -22.199 -837.753 -1.583 13.046 40.133 1479124.141
2019.000 9.000 2.000 11.000 23.000 0.000 0.000 0.000 0.932 -19.634 -826.211 -11.422 18.065 39.774 1464405.355
2019.000 9.000 2.000 11.000 24.000 0.000 0.000 0.000 0.544 -22.028 -845.820 -15.536 -9.325 39.486 1435060.063
2019.000 9.000 2.000 11.000 25.000 0.000 0.000 0.000 -0.125 -20.402 -802.066 2.997 -13.034 38.461 1345458.482
2019.000 9.000 2.000 11.000 26.000 0.000 0.000 0.000 2.676 -20.934 -828.662 -15.718 3.478 38.784 1380421.924
2019.000 9.000 2.000 11.000 27.000 0.000 0.000 0.000 1.214 -21.630 -814.633 5.717 6.405 40.498 1394699.909
2019.000 9.000 2.000 11.000 28.000 0.000 0.000 0.000 -1.338 -20.964 -853.617 6.054 -6.344 39.282 1380123.221
2019.000 9.000 2.000 11.000 29.000 0.000 0.000 0.000 -0.154 -23.860 -831.513 -25.146 13.862 39.189 1414133.210
2019.000 9.000 2.000 11.000 30.000 0.000 0.000 0.000 -0.326 -24.091 -853.743 4.502 -39.759 40.205 1472757.302
2019.000 9.000 2.000 11.000 31.000 0.000 0.000 0.000 0.387 -26.090 -853.817 -27.391 15.580 40.681 1554185.878
2019.000 9.000 2.000 11.000 32.000 0.000 0.000 0.000 -0.216 -25.284 -878.147 -3.266 8.136 42.032 1509889.154
2019.000 9.000 2.000 11.000 33.000 0.000 0.000 0.000 -1.924 -24.158 -877.266 24.201 -13.373 41.204 1510767.123
2019.000 9.000 2.000 11.000 34.000 0.000 0.000 0.000 -0.288 -26.871 -894.983 -19.509 5.786 41.368 1521660.312
2019.000 9.000 2.000 11.000 35.000 0.000 0.000 0.000 -0.130 -27.393 -890.805 -19.695 -12.981 41.244 1603990.583
2019.000 9.000 2.000 11.000 36.000 0.000 0.000 0.000 -0.212 -26.904 -848.514 -5.301 9.941 41.305 1686852.167
2019.000 9.000 2.000 11.000 37.000 0.000 0.000 0.000 0.758 -23.327 -855.702 -48.287 -14.640 40.625 1564554.130
2019.000 9.000 2.000 11.000 38.000 0.000 0.000 0.000 0.202 -19.632 -846.070 -41.354 -24.896 41.002 1430900.858
2019.000 9.000 2.000 11.000 39.000 0.000 0.000 0.000 -2.185 -22.423 -818.599 4.691 -6.457 39.251 1437383.022
2019.000 9.000 2.000 11.000 40.000 0.000 0.000 0.000 0.537 -21.617 -833.384 26.703 4.204 38.326 1485526.713
2019.000 9.000 2.000 11.000 41.000 0.000 0.000 0.000 -0.077 -20.966 -794.017 1.636 -5.830 38.651 1315293.251
2019.000 9.000 2.000 11.000 42.000 0.000 0.000 0.000 1.498 -18.581 -760.225 12.443 13.441 37.052 1214605.841
2019.000 9.000 2.000 11.000 43.000 0.000 0.000 0.000 2.495 -14.710 -752.192 -7.060 -6.106 37.604 1219692.612
2019.000 9.000 2.000 11.000 44.000 0.000 0.000 0.000 1.561 -15.062 -727.608 4.031 -5.781 36.632 1166189.412
2019.000 9.000 2.000 11.000 45.000 0.000 0.000 0.000 -0.186 -13.075 -743.012 8.044 19.535 36.681 1236693.790
2019.000 9.000 2.000 11.000 46.000 0.000 0.000 0.000 -1.004 -11.948 -708.837 -13.054 -30.320 36.115 1005024.795
2019.000 9.000 2.000 11.000 47.000 0.000 0.000 0.000 2.042 -13.398 -677.328 5.416 13.014 34.613 1004734.240
2019.000 9.000 2.000 11.000 48.000 0.000 0.000 0.000 -0.599 -14.426 -698.792 -14.390 1.161 34.838 1047405.856
2019.000 9.000 2.000 11.000 49.000 0.000 0.000 0.000 0.475 -13.445 -697.185 -12.163 8.218 34.813 1118050.465
2019.000 9.000 2.000 11.000 50.000 0.000 0.000 0.000 0.632 -14.634 -703.688 -9.169 8.029 35.698 934047.878
2019.000 9.000 2.000 11.000 51.000 0.000 0.000 0.000 -1.636 -12.586 -714.077 7.342 -23.171 35.101 1089079.666
2019.000 9.000 2.000 11.000 52.000 0.000 0.000 0.000 0.211 -13.843 -684.675 -17.770 8.971 34.586 1026661.518
2019.000 9.000 2.000 11.000 53.000 0.000 0.000 0.000 0.455 -14.595 -681.159 -26.780 -10.249 35.284 1169160.100
2019.000 9.000 2.000 11.000 54.000 0.000 0.000 0.000 0.626 -15.049 -688.997 20.058 4.417 33.819 1008806.965
2019.000 9.000 2.000 11.000 55.000 0.000 0.000 0.000 -1.506 -11.473 -708.898 -18.293 4.232 35.096 1019369.985
2019.000 9.000 2.000 11.000 56.000 0.000 0.000 0.000 -0.090 -13.257 -695.682 -9.094 -12.678 35.360 986774.785
2019.000 9.000 2.000 11.000 57.000 0.000 0.000 0.000 -3.169 -12.384 -669.628 -3.015 -24.982 35.044 1059154.994
2019.000 9.000 2.000 11.000 58.000 0.000 0.000 0.000 -0.143 -13.669 -685.452 13.900 10.583 34.629 1073583.606
2019.000 9.000 2.000 11.000 59.000 0.000 0.000 0.000 4.358 -12.516 -672.328 -1.635 -4.384 35.165 1093986.230
2019.000 9.000 2.000 12.000 0.000 0.000 0.000 0.000 1.674 -13.268 -693.782 -8.831 -17.696 34.415 1031932.352
2019.000 9.000 2.000 12.000 1.000 0.000 0.000 0.000 0.798 -11.341 -661.364 9.502 -14.058 35.441 1123846.241
2019.000 9.000 2.000 12.000 2.000 0.000 0.000 0.000 0.029 -12.402 -686.788 1.025 15.949 35.592 1055612.043
2019.000 9.000 2.000 12.000 3.000 0.000 0.000 0.000 -0.115 -14.300 -701.052 -11.109 6.885 34.327 929390.010
2019.000 9.000 2.000 12.000 4.000 0.000 0.000 0.000 -2.200 -13.158 -659.732 -4.466 -10.228 34.773 951589.945
2019.000 9.000 2.000 12.000 5.000 0.000 0.000 0.000 3.065 -12.482 -664.588 3.561 34.829 34.385 992582.304
2019.000 9.000 2.000 12.000 6.000 0.000 0.000 0.000 1.322 -12.091 -675.234 9.294 0.684 34.091 1017430.757
2019.000 9.000 2.000 12.000 7.000 0.000 0.000 0.000 0.325 -14.372 -675.280 28.530 12.094 35.016 957773.336
2019.000 9.000 2.000 12.000 8.000 0.000 0.000 0.000 3.843 -15.093 -667.624 -7.660 18.687 34.789 1083630.623
2019.000 9.000 2.000 12.000 9.000 0.000 0.000 0.000 -0.638 -14.599 -649.308 10.969 6.220 34.087 879670.469
2019.000 9.000 2.000 12.000 10.000 0.000 0.000 0.000 -1.082 -11.848 -691.961 20.003 -16.326 34.440 1021369.806
2019.000 9.000 2.000 12.000 11.000 0.000 0.000 0.000 0.816 -15.228 -683.801 1.955 -14.826 34.261 1025753.778
2019.000 9.000 2.000 12.000 12.000 0.000 0.000 0.000 -0.035 -15.018 -690.970 -13.885 28.604 34.146 941202.951
2019.000 9.000 2.000 12.000 13.000 0.000 0.000 0.000 5.374 -12.167 -661.252 -7.697 -29.561 34.525 995976.308
2019.000 9.000 2.000 12.000 14.000 0.000 0.000 0.000 2.770 -13.182 -675.465 -13.627 25.201 34.026 939977.546
2019.000 9.000 2.000 12.000 15.000 0.000 0.000 0.000 -1.907 -15.302 -668.471 8.985 4.494 34.685 983373.609
2019.000 9.000 2.000 12.000 16.000 0.000 0.000 0.000 -1.798 -10.534 -678.430 8.331 7.533 34.054 918718.005
2019.000 9.000 2.000 12.000 17.000 0.000 0.000 0.000 0.285 -12.028 -662.915 -29.197 -28.211 34.137 1034708.455
2019.000 9.000 2.000 12.000 18.000 0.000 0.000 0.000 -0.861 -12.055 -678.309 10.670 9.959 35.301 1030586.135
2019.000 9.000 2.000 12.000 19.000 0.000 0.000 0.000 0.175 -14.738 -680.358 -7.399 3.023 34.746 953615.882
2019.000 9.000 2.000 12.000 20.000 0.000 0.000 0.000 -2.443 -10.075 -679.219 -14.742 22.110 34.678 1090265.252
2019.000 9.000 2.000 12.000 21.000 0.000 0.000 0.000 0.032 -15.391 -703.573 -16.695 -1.910 35.205 1080356.514
2019.000 9.000 2.000 12.000 22.000 0.000 0.000 0.000 0.231 -15.180 -685.068 8.251 1.020 35.518 1114235.152
2019.000 9.000 2.000 12.000 23.000 0.000 0.000 0.000 0.906 -12.962 -754.637 9.570 14.841 36.125 1271404.904
2019.000 9.000 2.000 12.000 24.000 0.000 0.000 0.000 1.342 -13.807 -740.227 30.477 2.433 36.396 1254375.650
2019.000 9.000 2.000 12.000 25.000 0.000 0.000 0.000 0.330 -17.794 -735.298 -25.374 -17.955 36.990 1269036.483
2019.000 9.000 2.000 12.000 26.000 0.000 0.000 0.000 0.623 -18.295 -754.851 27.531 -4.735 37.753 1262039.542
2019.000 9.000 2.000 12.000 27.000 0.000 0.000 0.000 0.354 -16.420 -738.747 8.917 -3.587 37.641 1141909.126
2019.000 9.000 2.000 12.000 28.000 0.000 0.000 0.000 0.328 -16.005 -779.597 25.255 4.471 37.684 1308928.081
2019.000 9.000 2.000 12.000 29.000 0.000 0.000 0.000 -1.033 -20.771 -798.654 19.366 -2.193 38.208 1289886.868
2019.000 9.000 2.000 12.000 30.000 0.000 0.000 0.000 1.899 -18.203 -790.487 -24.241 -28.557 38.419 1383238.793
2019.000 9.000 2.000 12.000 31.000 0.000 0.000 0.000 -0.470 -20.943 -801.708 -14.195 -5.756 38.323 1401224.572
2019.000 9.000 2.000 12.000 32.000 0.000 0.000 0.000 1.083 -19.893 -835.249 -4.632 29.749 38.190 1471062.535
2019.000 9.000 2.000 12.000 33.000 0.000 0.000 0.000 -1.425 -20.254 -814.192 0.737 -11.813 41.010 1503468.134
2019.000 9.000 2.000 12.000 34.000 0.000 0.000 0.000 -0.496 -20.531 -839.515 -15.746 1.843 39.947 1335499.027
2019.000 9.000 2.000 12.000 35.000 0.000 0.000 0.000 -0.501 -24.211 -838.680 1.145 22.445 40.258 1445609.228
2019.000 9.000 2.000 12.000 36.000 0.000 0.000 0.000 0.359 -23.762 -839.466 7.779 -15.725 40.636 1589665.878
2019.000 9.000 2.000 12.000 37.000 0.000 0.000 0.000 0.329 -22.323 -862.781 -29.000 -6.451 40.766 1519929.337
2019.000 9.000 2.000 12.000 38.000 0.000 0.000 0.000 0.992 -22.950 -882.109 -0.993 14.043 40.421 1600412.492
2019.000 9.000 2.000 12.000 39.000 0.000 0.000 0.000 1.754 -24.846 -914.603 5.050 13.605 41.446 1772320.387
2019.000 9.000 2.000 12.000 40.000 0.000 0.000 0.000 -1.275 -24.776 -909.551 -21.835 -32.825 41.793 1747944.659
2019.000 9.000 2.000 12.000 41.000 0.000 0.000 0.000 -0.445 -27.883 -915.905 -8.141 2.626 42.126 1834622.637
2019.000 9.000 2.000 12.000 42.000 0.000 0.000 0.000 -1.080 -27.214 -944.866 18.712 -16.692 42.754 1893460.525
2019.000 9.000 2.000 12.000 43.000 0.000 0.000 0.000 -1.128 -30.842 -985.620 -2.482 -11.991 43.697 1820537.076
2019.000 9.000 2.000 12.000 44.000 0.000 0.000 0.000 -1.103 -29.513 -993.645 -1.668 7.683 43.626 1851130.667
2019.000 9.000 2.000 12.000 45.000 0.000 0.000 0.000 1.309 -30.600 -1028.669 -10.179 13.125 45.647 1915231.601
2019.000 9.000 2.000 12.000 46.000 0.000 0.000 0.000 0.817 -31.557 -1037.359 7.790 -9.797 45.641 1866041.598
2019.000 9.000 2.000 12.000 47.000 0.000 0.000 0.000 1.169 -39.645 -1041.621 24.797 -0.429 46.578 2211362.655
2019.000 9.000 2.000 12.000 48.000 0.000 0.000 0.000 -0.305 -34.211 -1075.433 4.572 -13.179 47.882 2018547.284
2019.000 9.000 2.000 12.000 49.000 0.000 0.000 0.000 1.188 -35.054 -1090.015 -3.544 3.022 47.414 2079025.921
2019.000 9.000 2.000 12.000 50.000 0.000 0.000 0.000 -1.199 -36.280 -1075.790 -18.668 0.608 47.377 2101765.946
2019.000 9.000 2.000 12.000 51.000 0.000 0.000 0.000 -0.204 -36.444 -1084.127 4.079 -13.156 47.360 2175445.771
2019.000 9.000 2.000 12.000 52.000 0.000 0.000 0.000 0.123 -35.489 -1052.914 -41.896 -3.100 48.343 2084666.229
2019.000 9.000 2.000 12.000 53.000 0.000 0.000 0.000 0.921 -32.542 -1099.323 5.605 2.272 47.833 2240240.390
2019.000 9.000 2.000 12.000 54.000 0.000 0.000 0.000 0.533 -35.972 -1056.386 -16.767 -6.082 48.514 2088598.415
2019.000 9.000 2.000 12.000 55.000 0.000 0.000 0.000 2.102 -36.127 -1094.833 16.239 -16.499 48.706 1945116.934
2019.000 9.000 2.000 12.000 56.000 0.000 0.000 0.000 0.359 -34.437 -1088.658 5.341 -7.465 47.227 2050492.770
2019.000 9.000 2.000 12.000 57.000 0.000 0.000 0.000 1.037 -37.654 -1096.781 6.383 -1.104 48.498 2077080.321
2019.000 9.000 2.000 12.000 58.000 0.000 0.000 0.000 -1.087 -37.687 -1088.430 -11.527 -21.214 48.773 2064147.058
2019.000 9.000 2.000 12.000 59.000 0.000 0.000 0.000 1.032 -34.882 -1094.736 -7.220 -8.698 48.317 2107817.907
2019.000 9.000 2.000 13.000 0.000 0.000 0.000 0.000 -0.048 -34.724 -1089.169 22.594 16.563 47.561 2029896.973
2019.000 9.000 2.000 13.000 1.000 0.000 0.000 0.000 0.145 -36.753 -1076.907 -4.497 6.375 47.723 2057629.460
2019.000 9.000 2.000 13.000 2.000 0.000 0.000 0.000 0.014 -35.718 -1109.969 0.507 4.534 49.139 2082896.183
2019.000 9.000 2.000 13.000 3.000 0.000 0.000 0.000 1.802 -36.760 -1070.182 10.357 24.312 48.274 2163332.253
2019.000 9.000 2.000 13.000 4.000 0.000 0.000 0.000 0.876 -39.341 -1094.692 -14.933 9.544 48.692 2082927.909
2019.000 9.000 2.000 13.000 5.000 0.000 0.000 0.000 -0.047 -36.404 -1073.899 13.336 -28.541 48.342 2174755.334
2019.000 9.000 2.000 13.000 6.000 0.000 0.000 0.000 0.066 -34.533 -1097.184 -28.014 20.146 47.260 2168901.551
2019.000 9.000 2.000 13.000 7.000 0.000 0.000 0.000 -0.374 -38.335 -1081.741 -6.663 0.886 47.799 2119130.672
2019.000 9.000 2.000 13.000 8.000 0.000 0.000 0.000 -0.504 -36.741 -1082.824 11.438 12.208 48.980 2157211.812
2019.000 9.000 2.000 13.000 9.000 0.000 0.000 0.000 -0.560 -39.051 -1110.439 6.637 7.220 49.056 2103548.831
2019.000 9.000 2.000 13.000 10.000 0.000 0.000 0.000 0.940 -37.994 -1100.715 -14.161 -9.584 48.404 2232804.526
2019.000 9.000 2.000 13.000 11.000 0.000 0.000 0.000 -3.108 -38.130 -1107.951 11.297 22.842 48.736 2138226.733
2019.000 9.000 2.000 13.000 12.000 0.000 0.000 0.000 0.178 -36.911 -1097.408 -25.220 -8.115 48.855 2176633.238
2019.000 9.000 2.000 13.000 13.000 0.000 0.000 0.000 -1.882 -39.001 -1096.740 18.564 -8.279 48.807 2099592.442
2019.000 9.000 2.000 13.000 14.000 0.000 0.000 0.000 -0.961 -35.873 -1102.444 6.508 9.865 48.225 2064395.726
2019.000 9.000 2.000 13.000 15.000 0.000 0.000 0.000 1.064 -38.056 -1119.778 -6.922 -3.685 49.187 2178193.374
2019.000 9.000 2.000 13.000 16.000 0.000 0.000 0.000 -0.000 -39.715 -1122.879 3.174 4.041 49.631 2207180.779
2019.000 9.000 2.000 13.000 17.000 0.000 0.000 0.000 0.682 -34.078 -1128.680 6.284 -22.506 48.860 2300070.451
2019.000 9.000 2.000 13.000 18.000 0.000 0.000 0.000 -1.543 -39.657 -1128.885 -29.165 -21.433 49.332 2362269.820
2019.000 9.000 2.000 13.000 19.000 0.000 0.000 0.000 1.783 -38.055 -1122.303 -35.071 13.038 48.666 2175226.883
2019.000 9.000 2.000 13.000 20.000 0.000 0.000 0.000 1.799 -38.613 -1141.009 0.880 -18.438 48.540 2279511.649
2019.000 9.000 2.000 13.000 21.000 0.000 0.000 0.000 0.038 -37.671 -1118.216 -8.812 -9.137 49.837 2369179.546
2019.000 9.000 2.000 13.000 22.000 0.000 0.000 0.000 -1.789 -37.715 -1081.877 16.947 16.786 49.010 2195340.033
2019.000 9.000 2.000 13.000 23.000 0.000 0.000 0.000 -0.755 -38.768 -1146.654 1.429 16.410 49.894 2274519.623
2019.000 9.000 2.000 13.000 24.000 0.000 0.000 0.000 1.030 -35.543 -1141.956 25.741 -6.432 49.561 2357791.051
2019.000 9.000 2.000 13.000 25.000 0.000 0.000 0.000 -1.454 -37.601 -1119.480 2.057 -10.226 49.095 2403910.016
2019.000 9.000 2.000 13.000 26.000 0.000 0.000 0.000 2.252 -40.528 -1120.128 14.745 3.128 48.944 2334614.995
2019.000 9.000 2.000 13.000 27.000 0.000 0.000 0.000 1.058 -38.229 -1101.829 -14.228 36.057 49.022 2370937.285
2019.000 9.000 2.000 13.000 28.000 0.000 0.000 0.000 -0.863 -38.656 -1148.201 -1.350 0.808 49.865 2244170.770
2019.000 9.000 2.000 13.000 29.000 0.000 0.000 0.000 1.463 -39.833 -1141.076 21.525 28.072 49.703 2333344.973
2019.000 9.000 2.000 13.000 30.000 0.000 0.000 0.000 -0.628 -40.453 -1124.656 3.271 -0.578 50.113 2253921.006
2019.000 9.000 2.000 13.000 31.000 0.000 0.000 0.000 -0.138 -39.371 -1119.479 7.756 0.401 49.552 2403933.459
2019.000 9.000 2.000 13.000 32.000 0.000 0.000 0.000 -1.553 -36.409 -1153.543 6.515 19.378 49.722 2305938.827
2019.000 9.000 2.000 13.000 33.000 0.000 0.000 0.000 -0.759 -40.384 -1115.292 13.517 18.851 50.091 2283751.397
2019.000 9.000 2.000 13.000 34.000 0.000 0.000 0.000 0.662 -38.661 -1144.857 18.982 2.006 49.734 2325386.650
2019.000 9.000 2.000 13.000 35.000 0.000 0.000 0.000 -1.359 -41.267 -1149.741 14.045 7.679 49.982 2366259.860
2019.000 9.000 2.000 13.000 36.000 0.000 0.000 0.000 1.715 -39.407 -1153.941 -25.834 2.047 50.103 2344329.263
2019.000 9.000 2.000 13.000 37.000 0.000 0.000 0.000 -2.418 -42.294 -1140.082 9.474 3.946 50.394 2346511.680
2019.000 9.000 2.000 13.000 38.000 0.000 0.000 0.000 1.475 -42.063 -1133.410 8.709 -19.780 50.896 2290892.896
2019.000 9.000 2.000 13.000 39.000 0.000 0.000 0.000 1.821 -36.828 -1170.243 11.779 -0.870 51.017 2343781.462
2019.000 9.000 2.000 13.000 40.000 0.000 0.000 0.000 -1.114 -38.665 -1141.292 -9.270 3.388 49.526 2418061.084
2019.000 9.000 2.000 13.000 41.000 0.000 0.000 0.000 1.096 -39.995 -1151.735 24.177 12.502 51.440 2444264.827
2019.000 9.000 2.000 13.000 42.000 0.000 0.000 0.000 -2.737 -40.902 -1209.233 1.730 -4.963 51.046 2485522.425
2019.000 9.000 2.000 13.000 43.000 0.000 0.000 0.000 -0.843 -43.086 -1198.460 -12.529 -2.575 51.925 2356576.361
2019.000 9.000 2.000 13.000 44.000 0.000 0.000 0.000 1.987 -43.914 -1177.037 -8.158 1.390 51.158 2426792.175
2019.000 9.000 2.000 13.000 45.000 0.000 0.000 0.000 0.032 -41.902 -1223.188 21.577 1.209 52.155 2392099.172
2019.000 9.000 2.000 13.000 46.000 0.000 0.000 0.000 -0.415 -45.683 -1229.754 -8.252 0.477 51.036 2532537.912
2019.000 9.000 2.000 13.000 47.000 0.000 0.000 0.000 -0.051 -43.391 -1247.721 8.945 -0.816 52.078 2618248.107
2019.000 9.000 2.000 13.000 48.000 0.000 0.000 0.000 0.754 -44.270 -1257.780 3.654 -3.538 53.582 2530076.770
2019.000 9.000 2.000 13.000 49.000 0.000 0.000 0.000 0.583 -46.479 -1247.545 -21.665 -4.817 53.781 2483166.441
2019.000 9.000 2.000 13.000 50.000 0.000 0.000 0.000 -1.274 -44.223 -1269.196 17.988 -13.710 53.428 2635103.857
2019.000 9.000 2.000 13.000 51.000 0.000 0.000 0.000 1.528 -48.004 -1240.947 -11.124 8.728 55.152 2628105.361
2019.000 9.000 2.000 13.000 52.000 0.000 0.000 0.000 1.787 -43.572 -1252.471 10.887 -18.196 54.233 2621776.930
2019.000 9.000 2.000 13.000 53.000 0.000 0.000 0.000 -0.744 -48.539 -1266.545 3.387 -10.599 52.946 2638431.905
2019.000 9.000 2.000 13.000 54.000 0.000 0.000 0.000 -1.711 -47.545 -1275.383 6.456 2.316 53.330 2602716.293
2019.000 9.000 2.000 13.000 55.000 0.000 0.000 0.000 1.738 -46.692 -1256.766 0.988 -7.315 53.571 2579330.259
2019.000 9.000 2.000 13.000 56.000 0.000 0.000 0.000 -0.289 -48.004 -1259.819 -0.377 -28.309 53.781 2547908.746
2019.000 9.000 2.000 13.000 57.000 0.000 0.000 0.000 -0.899 -46.136 -1257.207 11.274 -4.482 54.264 2571277.838
2019.000 9.000 2.000 13.000 58.000 0.000 0.000 0.000 0.617 -45.492 -1277.193 -18.100 -6.679 54.071 2522900.911
2019.000 9.000 2.000 13.000 59.000 0.000 0.000 0.000 4.357 -47.422 -1271.979 8.521 -13.700 54.153 2581590.765
2019.000 9.000 2.000 14.000 0.000 0.000 0.000 0.000 -0.575 -46.483 -1292.934 -3.443 -9.051 55.364 2734654.316
2019.000 9.000 2.000 14.000 1.000 0.000 0.000 0.000 0.083 -45.764 -1296.501 7.102 -6.995 54.474 2717694.533
2019.000 9.000 2.000 14.000 2.000 0.000 0.000 0.000 0.784 -47.577 -1263.372 -31.526 8.118 54.051 2695251.110
2019.000 9.000 2.000 14.000 3.000 0.000 0.000 0.000 2.552 -44.998 -1281.471 -0.813 -0.031 54.465 2584447.107
2019.000 9.000 2.000 14.000 4.000 0.000 0.000 0.000 -0.414 -46.291 -1288.572 -31.598 -3.588 54.687 2656892.784
2019.000 9.000 2.000 14.000 5.000 0.000 0.000 0.000 -0.189 -47.236 -1296.247 7.417 2.932 54.425 2674904.344
2019.000 9.000 2.000 14.000 6.000 0.000 0.000 0.000 2.337 -46.109 -1289.345 -1.127 -4.502 54.176 2651232.469
2019.000 9.000 2.000 14.000 7.000 0.000 0.000 0.000 -0.402 -46.448 -1308.363 8.825 25.939 56.007 2560021.647
